2.097675695277
2.7663623951184
1.84887443258856
1.63760456940322
2.23380656977106
2.2405890983356
2.20838843494728
2.22373532667706
2.30414780552995
1.49081159555855
1.58180887541157
1.69648767940674
2.42093543631809
2.4189574617568
2.59235861991446
2.61493368673283
2.1042006831444
1.26386362673893
1.15133722965087
1.89785520767553
1.17447528115000
1.71080972490928
1.09261866107206
1.00300553363552
1.01677103090635
1.11482697010263
1.10297654395233
1.20191889455658
1.24566531325922
1.32137512567885
1.32445849109413
1.33066842429294
1.34534862934038
1.35815344129580
1.23375541884415
1.17845464515936
1.08643121696802
0.914175445088857
0.852630046779277
0.821653086886952
0.834511014589254
0.864715336519074
0.668251481387673
0.680587603242436
0.564204849298435
0.652722707958712
0.605392953855414
0.740903026276453
0.725062227534875
0.742694839232018
0.734025394537384
0.766081375859091
0.824916637126051
0.835062532510086
0.847361064475148
0.880499462056761
0.756634508362626
0.780444527934034
0.741535709104736
0.832007667383508
0.722604990802352
0.70151670121932
0.82492381451572
0.810885112640312
0.789240408486208
0.82704009911649
0.938010464947042
0.99465953807471
0.930999915880089
0.806468337168242
0.864535800691723
0.824696905321817
0.93671325361198
0.737323113596848
0.737586899020821
0.777235510995977
0.745408493423686
0.816692467929849
0.88243659429216
0.860564325842831
0.977445087480858
1.04581132860403
1.07849897441433
1.20840011103187
1.17398720366006
1.13402766413122
1.15616997798502
1.17821995802052
1.18289610599834
1.22577664643897
1.23043317844537
1.22885301989285
1.26055478506559
1.27934506825248
1.30452122047809
1.28153854761109
1.28911120039288
1.27871494906552
1.28133010734840
0.555207879287618
0.573499271857313
0.588148132573874
0.622123084172805
0.621419504711963
0.506357326481032
0.511222268956026
0.542144378289142
0.56428710143532
0.530529522787183
0.730075651273208
0.749252566167121
0.866168243093318
1.04279966558816
1.66118215819972
1.09188749596379
0.921162200240379
0.836083214127219
0.72273742423691
0.669578354549768
0.717143383156112
0.759931788655782
0.622782623621169
0.618955447246426
0.65323803097699
0.76137139139144
1.03929959152032
1.01243495596092
1.02162675440639
1.03122733583723
1.19425941635363
1.10900807560961
1.11800424251491
1.08942612642106
1.04981166783388
1.05369351023454
0.985402417579101
0.993707200925169
1.03914797101592
1.06530539906152
1.19685989684439
1.12546551560909
0.973562735986542
1.06075763412633
1.10869050967590
1.05446913547678
0.98682832740694
0.987598713765884
1.03657988455762
1.01125942528526
2.61817008047793
2.60747041538058
2.51952493681079
2.53873902348794
2.48764917964059
3.3271744154616
3.32227766959578
3.22052368328121
3.13044475214824
3.14884319686631
3.2431746432675
3.16754548849834
3.25562362065188
3.2715367418125
3.30212988652674
3.2642622087105
3.3062958046087
3.25478797145728
3.33019106652489
3.35759527718069
3.08267008618749
2.46752840583892
2.45617174013185
2.52712782174629
2.457973349075
2.45446878393685
2.43829065319922
2.39932256518007
2.43268296628625
2.47045418765348
2.46041984111926
2.43358546540306
2.43248576792229
2.37289578833357
2.35029614237526
2.34102693445949
2.34187970118742
2.36084755015750
2.29756621598564
2.31403915688559
2.31500650180234
2.34413978887090
2.32028693499644
2.27822946098292
2.21343720412975
2.20590265550724
2.21647308533552
2.2763027902019
2.30948627734369
2.30689098695516
2.34094848140117
2.35196266027915
2.35667298224324
2.29840285184619
2.28468555417519
2.32585778273545
2.33238876136836
2.30857565777256
2.32440957298239
2.34224850684734
2.36444681440283
2.42944392389863
2.42994634461238
2.49174412290815
2.47961543643581
2.46248137077727
2.40668961687009
2.3882827809709
2.3622692026041
2.39336154954616
2.39776545213149
2.38651691157103
2.39088921542371
2.41416070057757
2.37060168930636
2.37145148091229
2.37264035193206
2.29085820387990
2.33259514254277
2.34180308889176
2.38369717156631
2.35064164429096
2.39816869177709
2.37205187949459
2.3692456086629
2.33629822297549
2.33871935220345
2.30485010103605
2.31458916126785
2.48272566319817
2.49114392251815
2.51952250270070
2.57527525117095
2.62310823942917
2.72105503116054
2.71873062722301
2.83235456254836
2.82526059108302
2.80190754563312
2.79744978392546
2.81439593985936
2.78648856394780
2.64708125759108
2.25410784111134
2.25400266246226
2.22217975469324
2.25586508279662
2.20414811354207
2.16014582345388
2.12644505046199
2.09008796754483
2.11993679121184
2.22068265478313
2.11984499339559
2.05771623568659
2.04498082353712
1.85295406413119
1.78990036967037
1.78127388453484
1.8799310595518
1.88802990510970
1.98929411853892
1.96181501817871
2.14475495831216
2.08654165777797
1.95313506872113
2.34364286988948
2.34322653664768
2.35331849528253
1.96894601923607
1.92856019400487
1.93108234900881
1.97101784140772
2.06253214439417
2.03345480563543
2.01659724355450
2.03615891946347
1.95726444294722
1.94596487906521
1.95076643275218
1.96801572892772
2.1180575384329
2.04094638336018
2.04853115251609
2.04843596500488
2.05425795664881
1.96304546960427
1.98431680313968
2.11909469588001
2.04982321867237
2.21759344069837
2.0102814183881
2.05041561084485
2.00025362060365
1.85150037349839
1.82334770852515
1.63891691481515
1.66056786738292
1.69567028687093
1.69291293296514
1.67943074018471
1.6564249828474
1.70853745189053
1.75095714734158
2.06176010744272
2.03996946889308
2.20434671049872
2.20038485910543
2.20740701001326
2.26102378250355
2.25715221445185
2.27666311706550
2.28263620661829
2.30288334397478
2.31680316286784
2.33190284641434
2.38673005447298
2.39655368726224
2.40723665459482
2.43058282920934
2.42028549865662
2.42183200552918
2.41391363577138
2.40085647414153
2.39891221663772
2.48258018272752
2.44320095732931
2.41419262958766
1.62123105938647
1.58384021344750
1.62571158717996
1.45358006221677
1.46258634032554
1.45168703078549
1.44175191543977
1.49046718203277
1.53872993109467
1.53568077922871
1.58657791112437
1.58334096487987
1.58818758645021
1.54194393127701
1.50081430178871
1.48440914121014
1.4824154722088
1.41561237077731
1.41084389557647
1.35617598078340
1.36078814091005
1.37101140371095
1.39367073902609
1.4281213533157
1.61362252791123
1.69297552794652
1.64223116813406
1.57884749768006
1.61628363797103
1.64363442689124
1.81331718151528
1.80927655577178
1.71623011763698
1.76500182236248
1.79459236520948
1.72225867035636
1.75792730241577
1.55591506774243
1.61630157808564
1.66061305044599
1.67310172918087
1.29636367309624
1.56434660221966
1.72401721792340
1.81692918665923
1.95211947204239
1.7872309885695
1.78948559121384
1.94112185893303
1.93551865022571
1.82990132605704
1.87453702900724
1.75474305397995
1.83605543857601
2.12806684795888
2.16094694228127
2.1596019861492
2.15533491198232
2.13475676233512
2.13792401508588
2.12624490996908
2.11398025253927
2.16320657989583
0.189369730109682
0.179755944691407
0.192852654818605
0.196881398687404
0.197964845638793
0.207486196647760
0.168414848822379
0.181087699231179
0.168464469182648
0.171153793738872
0.158707952111650
0.155075374057379
0.153894142384825
0.157226261132167
0.155376428212943
0.144801571789115
0.180455745298719
0.153718480745240
0.161568411856158
0.158625327673288
1.09869005804482
1.11712696544371
1.10987289697994
1.11698220916219
1.09944421757589
1.08780722489790
1.11549402911908
1.12373868870550
1.11293509780419
0.138985226660038
0.141428637771609
0.140703781805048
0.139331036219482
0.155268136316638
0.153107467943820
0.143574054595898
0.139369740293853
0.167572959816266
0.186517449375236
0.179646356263595
0.163056197201601
0.186389556989938
0.240769781205926
0.231094881711356
0.255160898829093
0.256658576046069
0.273790538250122
0.259049594030377
0.2567742291647
0.277093403591141
0.222829544857311
0.210289093978480
0.208187861331382
0.224931730650924
0.224088719830005
0.291278189959444
0.217426947664693
0.226369395166149
0.173547687483790
0.186795901125559
0.173136327746528
0.162375335957118
0.183206920879766
0.18708016487009
0.190448257468677
0.199815427933880
0.189343940939971
0.195753658698667
0.223572865777116
0.226540416754436
0.221555465142903
0.226851510956885
0.20972533242249
0.197466960923417
0.249292188964691
0.262211874885643
0.262983768868783
0.271711822143018
0.309420288881651
0.320619879575582
0.297982224397945
0.2970507353904
0.289482738301211
0.254236185252703
0.242837646480368
0.227620199370353
0.228793162868834
0.2465000086909
0.231558913119202
0.187565452268753
0.201779304046951
0.163051630016383
0.174566301888731
0.165886925031303
0.177426449405252
0.225088172107921
0.239864589150541
0.164841704079217
0.161260718107746
0.180732898520860
2.00000000000000
2
2
2.00000000000000
2
2.00000000000000
2.00000000000000
2
2.00000000000000
2.00000000000000
2
2.00000000000000
2
2
2
2.00000000000000
2
2
2
2.00000000000000
2
2.00000000000000
2
2.00000000000000
2.00000000000000
2.00000000000000
2.00000000000000
2.00000000000000
2.00000000000000
2.00000000000000
2
2
1.00000000000000
1.00000000000000
1
0.999999999999999
1
1.00000000000000
1
0.999999999999999
1.00000000000000
1.00000000000000
1
1.00000000000000
1
0.999999999999996
1.00000000000000
1
1
1.00000000000000
1
1
1
1.00000000000000
1
0.999999999999999
1
1
1.00000000000000
1
0.999999999999998
1
1.00000000000000
0.999999999999999
1
2
2.00000000000000
2.00000000000000
2.00000000000000
2
2
2.00000000000000
2.00000000000001
2
2
2
2
2
2
2.00000000000000
2
2
2
2
2
2.00000000000000
2.00000000000000
2.00000000000000
1
1
1.00000000000000
0
0
0
0
0
0
0
0
0
0
0
0
0
0
0
0
0
0
0
0
0
0
0
0
1.00000000000000
1.00000000000000
0.999999999999999
1.00000000000000
1
1
1.00000000000000
1
1.00000000000000
1
1.00000000000000
1
1
0.999999999999999
1.00000000000000
1
1
0.999999999999998
1
0.999999999999997
1
1.00000000000000
0.999999999999998
1
1.00000000000000
0.999999999999998
1
1
1
1
1
1.00000000000000
1.00000000000000
1
0.999999999999996
1
1
0.999999999999999
1.00000000000000
0.999999999999999
1.00000000000000
1
1.00000000000000
0.999999999999999
0
0
0
0
0
0
0
0
0
0
0
0
0
0
0
0
0
0
0
0
0
0
0
0
0
0
0
0.999999999999996
1.00000000000000
1.00000000000000
1.00000000000000
1.00000000000000
0.999999999999998
1
1
1.00000000000000
0.999999999999997
0.999999999999999
0.999999999999999
1
1.90234900419633
1.89181921456971
1.88078452559964
1.8009089128154
1.77651701176499
1.76435224010618
1.67208641521241
1.51187411652389
1.39926693585247
1.37581852129002
1.05635341261381
0.931003335842196
0.554825764616434
0.527626787547248
0.480753280057895
0.373879751148433
0.280201885002436
0.298864583350958
0.329413352232003
0.332412635492207
0.350168391005907
0.247813241591283
0.242031784372768
0.222865293074861
0.179551419238808
0.178558030213778
0.175319511224101
0.167824206907420
0.149758650967786
0.140806246071488
0.143832898573558
0.139724629572980
0.141402734618452
0.117106358909951
0.115657333586565
0.131084442844043
0.142743921593807
0.144339135265793
0.155010521422278
0.139829563740086
0.121377950775953
0.126176791566362
0.120219263299296
0.116158408098518
0.118045362278188
0.119840361125654
0.120355831043143
0.133371561838336
0.146854409958748
0.136076343098185
0.133167281965921
0.130630010358680
0.160008883393483
0.174322114891924
0.179549040383212
0.168771520500144
0.175846468381708
0.229541663153590
0.228835410023049
0.257147644921337
0.245881754107760
0.264228628542479
0.269333156250889
0.268747946172537
0.265257830976979
0.265572380087065
0.338236176267609
0.279220559566983
0.280607327349094
0.27357447368593
0.285963936397966
0.254132409313656
0.291978265245092
0.327981393549186
0.369389171794163
0.365113003667667
0.360513077699489
0.344256982049391
0.38147775594047
0.352107970927383
0.361129078673148
0.357908028682558
0.356920152719321
0.397286955185993
0.346279150310401
0.345256959355773
0.380941044958673
0.370897385946153
0.353773222172052
0.339512488146308
0.341851245608712
0.324930364267590
0.363961487129212
0.388607328128049
0.3975704900313
0.372479871684345
0.396725711462386
0.430529862990717
1.37203729412607
1.35809548081191
2.30840442826567
2.28859571107312
2.26138069715659
2.27632324360658
2.24639796153599
2.1963043676372
2.27933240064479
2.2906555337198
2.23828905530358
2.22109099102365
2.09220320292782
1.88100871247497
1.35298062883785
1.39026321841692
1.41173395602548
1.38576344695956
1.36492510629543
1.28085378819361
1.32359855106605
1.20228855095958
1.18005838797057
1.20165821964809
1.18211173772565
1.2267572625667
1.20424825640624
1.24481605609528
1.25577179403618
1.22781414030485
1.12032336285215
1.30300592025868
1.21092223128312
1.18367883281631
1.18852378646143
1.29557726338748
1.31822440935872
1.32329647734565
1.28908155842429
1.28779337795530
1.27358376663948
1.2121645502002
1.23849737713795
1.26489884051299
1.28713071071078
1.28764499066024
1.14110304963681
1.12957405757595
1.14509291948963
1.14867482870229
1.43816898008009
1.38447834067478
1.44729933636044
1.43977063044957
1.43620013357372
1.43051180758138
1.29058601754225
1.06987707223834
1.04737609033616
1.06811774026796
1.14935879912954
1.09826763328085
1.12787376748632
1.0971242499597
1.17955198468875
1.19859074801687
1.09827106902311
1.15097678846523
1.18667297227952
1.12453398816492
1.04011829781913
1.06416389515115
1.07698326499117
1.03924518179710
1.01491800814475
1.09244866330377
1.04729055685128
1.07432521596483
1.10098196091981
1.08346712140799
1.03758909227923
1.10957322440893
0.977847763299295
1.01723689246130
0.988092662831772
0.963138772588605
0.986116527667231
0.921944420706313
0.87097958010812
0.866659774908182
0.945443219049232
1.1125256094092
1.13908629496931
1.09545802601143
1.15379678244776
0.985452134621766
0.993724787790573
1.02329567134649
1.01005023655777
0.98724195095405
0.904885191573485
0.934826600074998
1.16732522122630
1.08407396547277
1.07776744113860
1.11139734063598
0.886833812897341
1.06528787457026
1.07234504887004
0.968262470872858
0.977234772752444
0.958122056686935
1.10428609204632
1.08498113626803
1.03357800490717
1.15976415774137
1.20621331555645
1.19536276129707
1.21695523268023
1.22894214686400
1.25299941646614
1.12491661111673
1.16212847497993
1.16229693359635
1.18429088029516
1.15739296507838
1.10086221324860
1.27305677720778
1.25058365767939
1.15280083657836
1.19471556777413
1.21534984622959
1.38606262925494
1.43181827340013
1.38732184832045
1.45901051214228
1.37564093748828
1.53637418267694
1.54812593388577
1.58015769809107
1.6559474692798
1.74429315536817
1.84798950351835
1.84790877721964
1.87031517797318
1.81354532275059
1.69300690738482
1.76492703536274
1.80599755268936
1.73622655926532
1.65676422948587
1.75925684831662
1.94727725435346
1.95424066935677
1.92728364375679
1.91911309401195
1.90777199202492
1.96471515799551
1.94577635635662
2.04339881004990
2.04668135625217
1.95719568058728
1.93390499690620
1.7091691226571
1.73025110397817
1.71681379521620
1.73328269737788
1.70580615737490
1.17209679706316
1.19642287260050
1.16999661146523
1.18033906355934
1.17854569214954
1.17551726953529
1.16271097243397
1.16310989696260
1.16258938747319
1.15340606183917
1.13631245267657
1.14523199519782
1.12615368471733
1.12715118538711
1.13994177455473
1.12510402839726
1.13391788946853
1.15700287523139
1.12447355905277
1.11093305553907
1.12505112254356
1.12152041294117
1.1294315378971
1.13404859867658
1.13824078395889
1.14002917234594
1.11047585932760
1.11510084223495
1.12012219182974
1.12882371164010
1.11508767153749
1.95798359333129
1.97567731040579
1.95521438675080
1.98653041934411
