2.097675695277
2.7663623951184
1.84887443258856
1.63760456940322
2.23380656977106
1.56930628303175
1.57557437339943
1.47845518769913
1.39119991257067
1.49081159555855
1.58180887541157
1.69648767940674
1.67577508411998
1.92286846661946
1.32688259469240
1.31971981880953
1.25033030310799
1.26386362673893
1.15133722965087
1.40866933678271
1.43062875495741
1.09792845900345
1.40957306206779
1.35030840060311
1.35782201671334
1.31183774392821
1.28174063418585
1.31517415541123
1.32307737673919
1.28455698414279
1.28623970584949
1.28124150939142
1.29459066342827
1.29409155271587
1.2946769011053
1.23521135238821
1.22665893421881
1.20105656215705
1.20707651573249
1.20843520778158
1.21968228376902
1.21895631585124
1.18121968509709
1.21303626727051
1.21516309501921
1.21976734154334
1.17212726164485
1.20807351234148
1.22946991350694
1.22595498497861
1.22824196122656
1.25792504515296
1.22966902412010
1.24587054634696
1.25429130418603
1.28715618971043
1.27113603468710
1.2723652598505
1.27600453286086
1.27619130932960
1.25462013888591
1.20815378140347
1.24393583450204
1.33618601851388
1.29681421558950
1.28135072973783
1.33045632472204
1.32373939266309
1.3084389474254
1.28732742470717
1.34017899868622
1.29301354373337
1.28250514694342
1.29567622073232
1.26856271690903
1.22293010093646
1.17226897990672
1.16964771057616
1.17489758835556
1.16081975026607
1.15817319753273
1.20500377454842
1.20914622599762
1.20840011103187
1.17398720366006
1.13402766413122
1.15616997798502
1.17821995802052
1.18289610599834
1.22577664643897
1.23043317844537
1.22885301989285
1.26055478506559
1.27934506825248
1.30452122047809
1.28153854761109
1.28911120039288
1.27871494906552
1.28133010734840
1.24968649175763
1.25932869701532
1.26644670081259
1.28226952850977
1.28857546801178
1.29098825261326
1.26556894465592
1.27479328324741
1.25974554446611
1.24877706990820
1.28382756057412
1.29356862108504
1.29343833921413
1.28963807778398
1.29739786863751
1.2722775203814
1.28174982795964
1.27838618008766
1.25312594232878
1.25192692493866
1.25498703894967
1.23445188600434
1.25274308182794
1.25517130734782
1.23882793842542
1.21375012818996
1.17144408536707
1.15210583787915
1.14899620657654
1.12533819751663
1.15169936115999
1.18973246539202
1.16827918398817
1.18803439248572
1.18097283248634
1.17094064705180
1.17264529329954
1.20053214889069
1.19870444635095
1.20358959231282
1.19255087903000
1.17607672465122
1.14232124424620
1.17009425692581
1.19689274065439
1.20889725541579
1.22958816423842
1.20882591126623
1.25254659705038
1.23850525425638
3.20911789680653
3.20422235717846
3.14939214422755
3.1660866275585
3.15643255281737
3.16791353349207
3.20096559230159
3.22276862551008
3.18344118170605
3.18656050849605
3.19584617191923
3.16878645400325
3.17574672385938
3.16821353556473
3.17730375519283
3.21031509823254
3.20633721610425
3.20951000172980
3.21592271974992
3.21913055291225
3.21147997737499
3.23100031858808
3.24821473029908
2.52712782174629
2.457973349075
2.45446878393685
2.43829065319922
2.39932256518007
2.43268296628625
2.47045418765348
2.46041984111926
2.43358546540306
2.43248576792229
2.37289578833357
2.35029614237526
2.34102693445949
2.34187970118742
2.36084755015750
2.29756621598564
2.31403915688559
2.31500650180234
2.34413978887090
2.32028693499644
2.27822946098292
2.21343720412975
2.20590265550724
2.21647308533552
2.2763027902019
2.30948627734369
2.30689098695516
2.34094848140117
2.35196266027915
2.35667298224324
2.29840285184619
2.28468555417519
2.32585778273545
3.1152390828716
3.11037218562057
3.12561142082368
3.12867904849638
3.13522823840659
3.12067805889802
3.12595519802361
3.10558878780428
3.08203625257701
3.08971774475455
3.05802635386859
3.04902200660902
3.05625172936332
3.06746037089765
2.39776545213149
2.38651691157103
2.39088921542371
2.41416070057757
2.37060168930636
2.37145148091229
2.37264035193206
2.29085820387990
2.33259514254277
2.34180308889176
2.38369717156631
2.35064164429096
2.39816869177709
2.37205187949459
2.3692456086629
2.33629822297549
2.33871935220345
2.30485010103605
2.31458916126785
2.48272566319817
2.49114392251815
3.0762786109798
3.06105136039998
3.08137437599375
3.08653880478243
3.09415961716252
3.10144046792035
3.08402755019498
3.09126509101519
3.07890459054655
3.09548870936717
3.1035644802907
3.11198421340591
3.07039417711926
3.07147054839083
3.07690807001056
3.08313783463363
3.08316576858412
3.06372644979825
3.06851114106116
3.06973886607465
3.07371521876575
3.07274001222974
3.07463667072698
3.07082959255894
3.07725571102869
3.05744806105431
3.06111888965975
3.06226878300816
3.06768233553519
3.06107068253735
3.07625694987308
3.05684326823149
3.07111144245782
3.03999625717529
3.04666434106478
3.06524145281266
3.07793546516392
3.07346652438859
3.08721522256388
3.08076016731959
3.03947258147148
3.04568410269850
3.06506684136199
3.05978636478786
3.07148220398536
3.07339395572307
3.08116620019289
3.07541716797128
3.07835851342317
3.08205453732639
3.0805373681905
3.09263531845673
3.09961244362855
3.09555251076226
3.10090558678141
3.0940348377074
3.09007396154233
3.1805764267789
3.16668078211688
3.11527617665235
2.15548516112281
2.16605576319206
2.1773367749736
2.1654328088975
2.15069059748542
2.19949335174245
2.21067064840832
2.24486370623379
2.22831678098820
2.19507527400426
2.18367968081759
2.19343057955317
2.18995126394832
2.19123479901989
2.19607898239923
2.20434671049872
2.20038485910543
2.20740701001326
2.26102378250355
2.25715221445185
2.27666311706550
2.28263620661829
2.30288334397478
2.31680316286784
2.33190284641434
2.38673005447298
2.39655368726224
2.40723665459482
2.43058282920934
2.42028549865662
2.42183200552918
2.41391363577138
2.40085647414153
2.39891221663772
2.48258018272752
2.44320095732931
2.41419262958766
2.33660504676166
2.32273595402529
2.27250356665533
2.31292447692229
2.30720893179158
2.29978688356611
2.29473484056974
2.33557677969764
2.33740782115486
2.37848628834498
2.42010696146674
2.43629808727357
2.43728203798559
2.40015227596524
2.32927458231480
2.32679791018572
2.31011865090167
2.25548023822851
2.22844235792783
2.17128421358184
2.16837285154402
2.16790897678449
2.18070827127251
2.1604670498719
2.14397767786322
2.16452107304074
2.15085787056662
2.13148102912283
2.12630914312212
2.10625857472623
2.10937180308272
2.11838256994851
2.10085680272204
2.11333311274002
2.09293894323786
2.12647135423161
2.11424628787458
2.09851235513015
2.11976656823636
2.14986003999441
2.14592221761916
2.13352322839114
2.13292515271918
2.16027819789673
2.13252313277887
2.12794668500884
2.12824117332215
2.11894517378776
2.12547482806365
2.10670205783852
2.11121942518734
2.11472219058390
2.11917674761972
2.12371760679720
2.12806684795888
2.16094694228127
2.1596019861492
2.15533491198232
2.13475676233512
2.13792401508588
2.12624490996908
2.11398025253927
2.16320657989583
0.189369730109682
0.179755944691407
0.192852654818605
0.196881398687404
0.197964845638793
0.207486196647760
0.168414848822379
0.181087699231179
0.168464469182648
0.171153793738872
0.158707952111650
0.155075374057379
0.153894142384825
0.157226261132167
0.155376428212943
0.144801571789115
0.180455745298719
0.153718480745240
0.161568411856158
0.158625327673288
0.171550329574966
0.191535797932892
0.177181397634123
0.171567359832936
0.133588487663779
0.127129338677703
0.157835226164424
0.151608650025378
0.137913320688427
0.138985226660038
0.141428637771609
0.140703781805048
0.139331036219482
0.155268136316638
0.153107467943820
0.143574054595898
0.139369740293853
0.167572959816266
0.186517449375236
0.179646356263595
0.163056197201601
0.186389556989938
0.240769781205926
0.231094881711356
0.255160898829093
0.256658576046069
0.273790538250122
0.259049594030377
0.2567742291647
0.277093403591141
0.222829544857311
0.210289093978480
0.208187861331382
0.224931730650924
0.224088719830005
0.291278189959444
0.217426947664693
0.226369395166149
0.173547687483790
0.186795901125559
0.173136327746528
0.162375335957118
0.183206920879766
0.18708016487009
0.190448257468677
0.199815427933880
0.189343940939971
0.195753658698667
0.223572865777116
0.226540416754436
0.221555465142903
0.226851510956885
0.20972533242249
0.197466960923417
0.249292188964691
0.262211874885643
0.262983768868783
0.271711822143018
0.309420288881651
0.320619879575582
0.297982224397945
0.2970507353904
0.289482738301211
0.254236185252703
0.242837646480368
0.227620199370353
0.228793162868834
0.2465000086909
0.231558913119202
0.187565452268753
0.201779304046951
0.163051630016383
0.174566301888731
0.165886925031303
0.177426449405252
0.225088172107921
0.239864589150541
0.164841704079217
0.161260718107746
0.180732898520860
1
1
1
0.999999999999999
1
1
0.999999999999998
1
0.999999999999999
1
1
1
1
1
1
1.00000000000000
1
1.00000000000000
1.00000000000000
1.00000000000000
1
1
1
1.00000000000000
1.00000000000000
1.00000000000000
1
1.00000000000000
0.999999999999999
0
0
0
0
0
0
0
0
0
0
0
0
0
0
0
0
0
0
0
0
0
0
0
0
0
0
0
0
0
0
0
0
0
0
0
0
0
0
0
0
0
0
0
0
0
0
0
0
0
0
0
0
0
0
0
0
0
0
0
0
0
0
0
0
0
0
0
0
0
0
0
0
0
0
0
0
0
0
0
0
0
0
0
0
0
0
0
0
0
0
0
0
0
0
0
0
0
0
0
0
0
0
0
0
0
0
0
0
0
0
0
0
0
0
0
0
0
0
0
0
0
0
0
0
0
0
0
0
0
0
0
0
0
0
0
0
0
0
0
0
0
0
0
0
0
0
0
0
0
0
0
0
0
0
0
0
0
0
0
0
0
0
0
0
0
0
0
0
0
0
1
1
1
1
1
1
1
1
1
1
1
1
0.554825764616434
0.527626787547248
0.480753280057895
0.373879751148433
0.280201885002436
0.298864583350958
0.329413352232003
0.332412635492207
0.350168391005907
0.247813241591283
0.242031784372768
0.222865293074861
0.179551419238808
0.178558030213778
0.175319511224101
0.167824206907420
0.149758650967786
0.140806246071488
0.143832898573558
0.139724629572980
0.141402734618452
0.117106358909951
0.115657333586565
0.131084442844043
0.142743921593807
0.144339135265793
0.155010521422278
0.139829563740086
0.121377950775953
0.126176791566362
0.120219263299296
0.116158408098518
0.118045362278188
0.119840361125654
0.120355831043143
0.133371561838336
0.146854409958748
0.136076343098185
0.133167281965921
0.130630010358680
0.160008883393483
0.174322114891924
0.179549040383212
0.168771520500144
0.175846468381708
0.229541663153590
0.228835410023049
0.257147644921337
0.245881754107760
0.264228628542479
0.269333156250889
0.268747946172537
0.265257830976979
0.265572380087065
0.338236176267609
0.279220559566983
0.280607327349094
0.27357447368593
0.285963936397966
0.254132409313656
0.291978265245092
0.327981393549186
0.369389171794163
0.365113003667667
0.360513077699489
0.344256982049391
0.38147775594047
0.352107970927383
0.361129078673148
0.357908028682558
0.356920152719321
0.397286955185993
0.346279150310401
0.345256959355773
0.380941044958673
0.370897385946153
0.353773222172052
0.339512488146308
0.341851245608712
0.324930364267590
0.363961487129212
0.388607328128049
0.3975704900313
0.372479871684345
0.396725711462386
0.430529862990717
0.444153734969680
0.417069147976731
1.34684814076451
1.36702058714564
1.33049218214745
1.36369396378525
1.37847024944947
1.31902727604744
1.32265820331892
1.32583231567657
1.31570725440688
1.30936479821075
1.32646370928858
1.31345657269339
1.35298062883785
1.39026321841692
1.41173395602548
1.38576344695956
1.37720770202882
1.32113346384258
1.33741871805279
1.34740905307502
1.33652788318759
1.30762034197861
1.29425984437089
1.27461827746489
1.30255502647263
1.28419472109388
1.31061461000488
1.25893358929997
1.24414644493967
1.33171798080748
1.35637074628202
1.33530442503515
1.35043067335527
1.29557726338748
1.31822440935872
1.32329647734565
1.28908155842429
1.28779337795530
1.27358376663948
1.2121645502002
1.23849737713795
1.26489884051299
1.28713071071078
1.28764499066024
1.29958001109838
1.24149660108157
1.19165254275047
1.17345667577038
1.15336112480642
1.15448153930944
1.21056621189531
1.16455822089019
1.20543976584715
1.20246769257782
1.26302097424551
1.24657875330758
1.25370370681333
1.26757674717814
1.27362326505682
1.23286304315883
1.27822528376989
1.29334299075641
1.31618937466268
1.34693771867537
1.40362396099537
1.44247087305345
1.48215161984296
1.39536059498352
1.32687105016300
1.32002254728028
1.32682762119595
1.30075401893489
1.30069104067863
1.28591458705862
1.24749842921756
1.23444429931235
1.23955898968053
1.19999422798841
1.19438940525032
1.20798844577128
1.22209745265317
1.22135846228951
1.23278258958062
1.23802963570298
1.25017916356992
1.21501220079925
1.21334117188912
1.19727846495849
1.21651645939166
1.23777960578723
1.26424857372554
1.25305853972179
1.21938169675369
1.23434399191318
1.23411829295186
1.21131374372253
1.23681717536621
1.22180822688810
1.24860391860804
1.25854089385837
1.27113697832352
1.25164235781285
1.23052252571607
1.22261957654517
1.25029162909929
1.22800561992191
1.22192724233375
1.19542121792113
1.18783244228875
1.16861564625329
1.15912313150409
1.11608589842254
1.12115192338216
1.10828521455211
1.11690886599251
1.11482356201154
1.13245322200994
1.12103168307029
1.12183393409103
1.12173213486551
1.15379762198521
1.18615012898018
1.20613019076985
1.18360140239227
1.19238444366951
1.20262349793498
1.19984306820336
1.19832969876872
1.20329255049812
1.18702037630096
1.19455497204119
1.20131616682567
1.17299049622390
1.18585789167601
1.15054089238230
1.17871666510184
1.17685026680251
1.19799984985420
1.20745035303960
1.20005415360253
1.21102726158445
1.18810472466307
1.18588400926993
1.17533029366048
1.18073213859100
1.19358299974884
1.19946963489624
1.19343609176458
1.22420025678567
1.23607745275705
1.21869174459710
1.20763104237865
1.19858423450321
1.21714643435969
1.20399665103883
1.19836504890502
1.21925178842151
1.22338703457523
1.23250091532170
1.20694320656822
1.21887151321199
1.24848232520638
1.25826326119351
1.17581346502811
1.15992885944966
1.15974194394693
1.17209679706316
1.19642287260050
1.16999661146523
1.18033906355934
1.17854569214954
1.17551726953529
1.16271097243397
1.16310989696260
1.16258938747319
1.15340606183917
1.13631245267657
1.14523199519782
1.12615368471733
1.12715118538711
1.13994177455473
1.12510402839726
1.13391788946853
1.15700287523139
1.12447355905277
1.11093305553907
1.12505112254356
1.12152041294117
1.1294315378971
1.13404859867658
1.13824078395889
1.14002917234594
1.11047585932760
1.11510084223495
1.12012219182974
1.12882371164010
1.11508767153749
1.14070450743128
1.13175760871042
1.10592906363328
1.10549507665762
