2.76059488108467
2.7663623951184
1.84887443258856
1.63760456940322
1.844037736075
1.56930628303175
1.57557437339943
1.47845518769913
1.39119991257067
1.49081159555855
1.58180887541157
1.69648767940674
1.67577508411998
1.92286846661946
1.92029347333802
1.97803654448012
2.1042006831444
1.26386362673893
1.15133722965087
1.13728830435107
1.17447528115000
1.09792845900345
1.09261866107206
1.00300553363552
1.01677103090635
1.11482697010263
1.10297654395233
1.20191889455658
1.24566531325922
1.32137512567885
1.32445849109413
1.33066842429294
1.34534862934038
1.35815344129580
1.23375541884415
1.17845464515936
1.08643121696802
0.914175445088857
0.852630046779277
0.821653086886952
0.834511014589254
0.864715336519074
0.668251481387673
0.680587603242436
0.564204849298435
0.652722707958712
0.605392953855414
0.740903026276453
0.725062227534875
0.742694839232018
0.734025394537384
0.766081375859091
0.824916637126051
0.835062532510086
0.847361064475148
0.880499462056761
0.756634508362626
0.780444527934034
0.741535709104736
0.832007667383508
0.722604990802352
0.70151670121932
0.82492381451572
0.810885112640312
0.789240408486208
0.82704009911649
0.938010464947042
0.99465953807471
0.930999915880089
0.806468337168242
0.864535800691723
0.824696905321817
0.93671325361198
0.737323113596848
0.737586899020821
0.777235510995977
0.745408493423686
0.816692467929849
0.88243659429216
0.860564325842831
0.977445087480858
1.04581132860403
1.07849897441433
1.40220096851436
1.19965858116511
1.12133261670275
0.80249006656894
0.81571699616841
0.902441173149104
1.11049395535193
0.989958246157953
1.21052941258683
1.04291144611105
0.849198493168268
0.755184727470699
0.780660918294653
0.744629478268304
0.595976282278069
0.590394158925136
0.555207879287618
0.573499271857313
0.588148132573874
0.622123084172805
0.621419504711963
0.506357326481032
0.511222268956026
0.542144378289142
0.56428710143532
0.530529522787183
0.730075651273208
0.749252566167121
0.866168243093318
1.04279966558816
1.66118215819972
1.09188749596379
0.921162200240379
0.836083214127219
0.72273742423691
0.669578354549768
0.717143383156112
0.759931788655782
0.622782623621169
0.618955447246426
0.65323803097699
0.76137139139144
1.03929959152032
1.01243495596092
1.02162675440639
1.03122733583723
1.19425941635363
1.10900807560961
1.11800424251491
1.08942612642106
1.04981166783388
1.05369351023454
0.985402417579101
0.993707200925169
1.03914797101592
1.06530539906152
1.19685989684439
1.12546551560909
0.973562735986542
1.06075763412633
1.10869050967590
1.05446913547678
0.98682832740694
0.987598713765884
1.03657988455762
1.01125942528526
2.59708731548641
2.62405043206831
2.56742477304371
2.59242413509257
2.54248136241632
2.65373224672031
2.66989984101837
2.95924177348282
2.8925615608679
2.87077457568272
3.05801580414302
3.08861074187463
3.14070465021396
3.07505267746344
3.08148834221750
3.16196854348739
3.13107488161929
3.08441621946738
3.16959737794455
3.22817998945296
2.86481315398826
2.86941030493338
3.07746991490944
3.09926084672829
3.06602426877889
2.91306927200281
2.86014071973543
2.90016803039238
2.64684784401268
2.56476271301622
2.55614443426354
2.55112689405543
2.66209148203878
2.90514303088345
3.16097094403973
2.47585245122876
2.98419653577560
3.00354945203904
2.82109957711070
2.79995617936814
2.92197371101156
2.96295545896843
2.70903159959177
2.72694879186015
2.78243995757062
2.69126406512755
2.64942630607637
2.7005632580132
2.53347621845912
2.41623718653698
2.48483377802377
2.35719654263403
2.68669993097284
2.79303020618163
3.00033526051556
3.17514385105642
3.21464636577995
3.22569550432979
3.19423525126584
3.0273814029035
2.97395015494078
3.17946084147328
3.18950960296218
3.15471260694322
2.99153650042268
3.08176738323252
3.07116750426399
3.06231815258480
2.91840307032451
3.0154901204766
2.90269758593992
2.77872264630923
2.77048562975564
3.15505167422461
2.84271530574522
2.75424538314383
2.89771791283289
2.92508682747194
2.80616999592881
3.01412844693768
3.10132617249765
3.06584246619883
2.84857123303849
2.86791419674366
2.94971617956904
2.91275394292053
2.83224715981844
2.64267520633432
2.60276299050366
2.69987011375774
2.68805258098631
2.61993354831271
2.66039163924342
2.64357883556448
2.62771749928076
2.55352975556035
2.46690858593684
2.52107298679209
2.55770219204076
2.47129900157891
2.40467625884944
2.46401427515731
2.70387146016433
2.75828940316368
2.83086250159367
2.78631600729975
2.85223685551879
2.70041978361400
2.05894135789709
2.20373646808760
2.11500701644652
2.01253772974983
2.03189550657274
2.39388175300678
2.36156884923666
2.22114456360271
2.47299947082881
2.33862375138823
2.30420372162680
2.16092325007085
1.96376230721483
1.60899723455228
1.53745383978934
1.81423572513415
1.76213975163276
1.75372592866299
1.89796838610580
2.09130430844119
2.15366886543089
2.17331475706595
2.15348211065962
2.21469769718415
2.17661745934773
2.33811323283263
2.32548789461955
2.51804548037762
2.45342180372522
2.59478563753559
2.47182425110278
2.50886133091323
2.5012375785339
2.54673602169580
2.52456776237170
2.59585568588439
2.62472985183121
2.65510515855694
2.16749810457013
2.21855300597285
2.13614929664829
2.02469817693369
1.98416516044682
2.0102814183881
2.05041561084485
2.00025362060365
1.85150037349839
1.82334770852515
1.63891691481515
1.66056786738292
1.69567028687093
1.69291293296514
1.67943074018471
1.6564249828474
1.70853745189053
1.75095714734158
1.89640220988426
2.12417909470868
2.52080677085348
2.47268051820625
2.41704659680232
2.40852026283398
2.42939621395251
2.50792015864682
2.42637800557543
2.15974695082882
1.84961849933176
1.65719361769348
1.69426104673188
1.55874432278387
1.76845590215095
1.72361923445607
1.72497374456229
1.74372468517092
1.68415282693383
1.49435927076261
1.76921868271983
1.74222336652848
1.62172235976567
1.57599474564294
1.29099764691349
1.56511149134925
1.39114712798126
1.87181111618073
1.84349538931686
1.89531489843086
1.89898953894990
1.96360288488889
1.56626773406937
1.12989734234670
1.22737434730245
1.16759923699480
1.07461700639700
1.08498080608299
1.01927059280590
1.07305876641176
1.05671049772234
1.08595109861540
1.36222377390517
1.32574990818776
1.34926125507293
1.32219609454784
1.45444772469624
1.56381309862878
1.51367752950261
1.55644124694821
1.64585018939299
1.73251321420290
1.61389528306211
1.35965256545279
1.57014194561335
1.59852526435674
1.46669375219266
1.48325892927821
1.50097192256513
1.31181955791962
1.28853845016703
1.15505179279815
1.17386899132827
1.26194586814494
1.27978525808776
1.29636367309624
1.56434660221966
1.72401721792340
1.81692918665923
1.95211947204239
1.7872309885695
1.78948559121384
1.69148761973512
1.57443781613303
1.53112596928175
1.46620672716087
1.48890163033296
1.28510395184742
1.48999821203405
1.45363686062366
1.43392390939268
1.33838078348750
1.57940722519362
1.61546703130045
1.72759917454993
1.74329193738137
1.58564168118998
0.189369730109682
0.179755944691407
0.192852654818605
0.196881398687404
0.197964845638793
0.207486196647760
0.168414848822379
0.181087699231179
0.168464469182648
0.171153793738872
0.158707952111650
0.155075374057379
0.153894142384825
0.157226261132167
0.155376428212943
0.144801571789115
0.180455745298719
0.153718480745240
0.161568411856158
0.158625327673288
0.171550329574966
0.191535797932892
0.177181397634123
0.171567359832936
0.133588487663779
0.127129338677703
0.157835226164424
0.151608650025378
0.137913320688427
0.138985226660038
0.141428637771609
0.140703781805048
0.139331036219482
0.155268136316638
0.153107467943820
0.143574054595898
0.139369740293853
0.167572959816266
0.186517449375236
0.179646356263595
0.163056197201601
0.186389556989938
0.240769781205926
0.231094881711356
0.255160898829093
0.256658576046069
0.273790538250122
0.259049594030377
0.2567742291647
0.277093403591141
0.222829544857311
0.210289093978480
0.208187861331382
0.224931730650924
0.224088719830005
0.291278189959444
0.217426947664693
0.226369395166149
0.173547687483790
0.186795901125559
0.173136327746528
0.162375335957118
0.183206920879766
0.18708016487009
0.190448257468677
0.199815427933880
0.189343940939971
0.195753658698667
0.223572865777116
0.226540416754436
0.221555465142903
0.226851510956885
0.20972533242249
0.197466960923417
0.249292188964691
0.262211874885643
0.262983768868783
0.271711822143018
0.309420288881651
0.320619879575582
0.297982224397945
0.2970507353904
0.289482738301211
0.254236185252703
0.242837646480368
0.227620199370353
0.228793162868834
0.2465000086909
0.231558913119202
0.187565452268753
0.201779304046951
0.163051630016383
0.174566301888731
0.165886925031303
0.177426449405252
0.225088172107921
0.239864589150541
0.164841704079217
0.161260718107746
0.180732898520860
0
0
0
0
0
0
0
0
0
0
0
0
0
0
0
0
0
0
0
0
0
0
0
0
0
0
0
0
0
0
0
0
0
0
0
0
0
0
0
0
0
0
0
0
0
0
0
0
0
0
0
0
0
0
0
0
0
0
0
0
0
0
0
0
0
0
0
0
0
0
0
0
0
0
0
0
0
0
0
0
0
0
0
0
0
0
0
0
0
0
0
0
0
0
0
0
0
0
0
0
0
0
0
0
0
0
0
0
0
0
0
0
0
0
0
0
0
0
0
0
0
0
0
0
0
0
0
0
0
0
0
0
0
0
0
0
0
0
0
0
0
0
0
0
0
0
0
0
0
0
0
0
0
0
0
0
0
0
0
0
0
0
0
0
0
0
0
0
0
0
0
0
0
0
0
0
0
0
0
0
0
0
0
0
0
0
0
0
0
0
0
0
0
0
0
0
0
0
0
1.90234900419633
1.89181921456971
1.88078452559964
1.8009089128154
1.77651701176499
1.76435224010618
1.67208641521241
1.51187411652389
1.39926693585247
1.37581852129002
1.05635341261381
0.931003335842196
0.554825764616434
0.527626787547248
0.480753280057895
0.373879751148433
0.280201885002436
0.298864583350958
0.329413352232003
0.332412635492207
0.350168391005907
0.247813241591283
0.242031784372768
0.222865293074861
0.179551419238808
0.178558030213778
0.175319511224101
0.167824206907420
0.149758650967786
0.140806246071488
0.143832898573558
0.139724629572980
0.141402734618452
0.117106358909951
0.115657333586565
0.131084442844043
0.142743921593807
0.144339135265793
0.155010521422278
0.139829563740086
0.121377950775953
0.126176791566362
0.120219263299296
0.116158408098518
0.118045362278188
0.119840361125654
0.120355831043143
0.133371561838336
0.146854409958748
0.136076343098185
0.133167281965921
0.130630010358680
0.160008883393483
0.174322114891924
0.179549040383212
0.168771520500144
0.175846468381708
0.229541663153590
0.228835410023049
0.257147644921337
0.245881754107760
0.264228628542479
0.269333156250889
0.268747946172537
0.265257830976979
0.265572380087065
0.338236176267609
0.279220559566983
0.280607327349094
0.27357447368593
0.285963936397966
0.254132409313656
0.291978265245092
0.327981393549186
0.369389171794163
0.365113003667667
0.360513077699489
0.344256982049391
0.38147775594047
0.352107970927383
0.361129078673148
0.357908028682558
0.356920152719321
0.397286955185993
0.346279150310401
0.345256959355773
0.380941044958673
0.370897385946153
0.353773222172052
0.339512488146308
0.341851245608712
0.324930364267590
0.363961487129212
0.388607328128049
0.3975704900313
0.372479871684345
0.396725711462386
0.430529862990717
0.444153734969680
0.417069147976731
2.30840442826567
2.28859571107312
2.26138069715659
2.27632324360658
2.24639796153599
2.1963043676372
2.27933240064479
2.2906555337198
2.23828905530358
2.22109099102365
2.09220320292782
1.88100871247497
1.69127843547965
1.28810747540974
1.28991367058574
1.17869096312437
1.36492510629543
1.28085378819361
1.32359855106605
1.20228855095958
1.18005838797057
1.20165821964809
1.18211173772565
1.2267572625667
1.20424825640624
1.24481605609528
1.25577179403618
1.22781414030485
1.12032336285215
1.30300592025868
1.21092223128312
1.18367883281631
1.18852378646143
1.11556515199444
1.25497326273642
1.15915483822778
1.22282205645394
1.26486667569923
1.39130721037242
1.30182101505105
1.32120340317285
1.33545183572843
1.44798309694039
1.34461773395399
1.14110304963681
1.12957405757595
1.14509291948963
1.14867482870229
1.43816898008009
1.38447834067478
1.44729933636044
1.43977063044957
1.43620013357372
1.43051180758138
1.29058601754225
1.06987707223834
1.04737609033616
1.06811774026796
1.14935879912954
1.09826763328085
1.12787376748632
1.0971242499597
1.17955198468875
1.19859074801687
1.09827106902311
1.15097678846523
1.18667297227952
1.12453398816492
1.04011829781913
1.06416389515115
1.07698326499117
1.03924518179710
1.01491800814475
1.09244866330377
1.04729055685128
1.07432521596483
1.10098196091981
1.08346712140799
1.03758909227923
1.10957322440893
0.977847763299295
1.01723689246130
0.988092662831772
0.963138772588605
0.986116527667231
0.921944420706313
0.87097958010812
0.866659774908182
0.945443219049232
1.1125256094092
1.13908629496931
1.09545802601143
1.15379678244776
0.985452134621766
0.993724787790573
1.02329567134649
1.01005023655777
0.98724195095405
0.904885191573485
0.934826600074998
1.16732522122630
1.08407396547277
1.07776744113860
1.11139734063598
0.886833812897341
1.06528787457026
1.07234504887004
0.968262470872858
0.977234772752444
0.958122056686935
1.10428609204632
1.08498113626803
1.03357800490717
1.15976415774137
1.20621331555645
1.19536276129707
1.21695523268023
1.22894214686400
1.25299941646614
1.12491661111673
1.16212847497993
1.16229693359635
1.18429088029516
1.15739296507838
1.10086221324860
1.27305677720778
1.25058365767939
1.15280083657836
1.19471556777413
1.21534984622959
1.38606262925494
1.43181827340013
1.38732184832045
1.45901051214228
1.37564093748828
1.53637418267694
1.54812593388577
1.58015769809107
1.6559474692798
1.74429315536817
1.84798950351835
1.84790877721964
1.87031517797318
1.81354532275059
1.69300690738482
1.76492703536274
1.80599755268936
1.73622655926532
1.65676422948587
1.75925684831662
1.94727725435346
1.95424066935677
1.92728364375679
1.91911309401195
1.90777199202492
1.96471515799551
1.94577635635662
2.04339881004990
2.04668135625217
1.95719568058728
1.93390499690620
1.7091691226571
1.73025110397817
1.71681379521620
1.73328269737788
1.70580615737490
1.84464405231897
1.88521587503805
1.92697034424852
1.82458307453076
1.79785676527368
1.82185482637910
1.74689642615467
1.56074758425803
1.60928967606991
1.61028313959498
1.51609205088341
1.50414591236719
1.41331401147104
1.44951098872393
1.41607172769079
1.55836924432971
1.64017847021208
1.79765564787179
1.83374152313995
1.82821977905640
1.88863962551683
1.85664558311303
1.95712144105332
1.86313735713841
1.86448184361405
1.83749126173673
1.89328628551276
1.85803328248287
1.79859095240673
1.87179733921455
1.93353244133272
1.95798359333129
1.97567731040579
1.95521438675080
1.98653041934411
