3.11887440145758
3.36133165986829
2.74153851302056
2.10982123370431
2.14217841959314
2.41124354389163
2.60343581597341
1.96449300179156
1.9803961588609
1.65229710719764
1.72003590011020
1.71425586934274
1.7878897354294
1.94911036485926
2.02168338408907
2.05967997804597
2.07248796836911
2.08320869695035
2.20396677025758
2.20315408219235
1.89338844249231
2.16510787747631
2.16210082083677
2.14609104388271
2.13282687039111
2.10129710600355
2.11061096246155
2.10677680037649
2.11439305822324
2.13352310316168
2.11354514711049
2.08690534373692
2.09385888495509
2.08699043505747
2.07430074712914
2.07244653612791
2.07321803444111
2.04679495922959
2.05984494044012
2.05830635831415
2.05805549948598
2.05353495428762
2.05321960280640
2.04978356949360
2.04783015103045
2.03614176328643
2.03430492859841
2.04611729548273
2.04794059742297
2.04081313079331
2.048152049134
2.05720722774191
2.07529564005567
2.08035700030926
2.07698604235128
2.08264397676070
2.06614999994145
2.07738363841391
2.07522143091202
2.05791745247662
2.05178110187887
2.05555845739732
2.05411995279734
2.05387393090127
2.0677358635449
2.05629601588083
2.05335391956206
2.05709314571944
2.05916845370360
2.05728365677093
2.06040023592868
2.05770101128392
2.05327348363226
2.06005503359166
2.06381814242905
2.07744224623646
2.07113166031367
2.07430692900765
2.07446015165752
2.08027501486523
2.08103439838817
2.0772120254483
2.09460076447770
2.07793245573622
2.06556653323293
2.06118003004979
2.06288103827205
2.06095590364965
2.06856118781656
2.07069424671596
2.07795484106837
2.0632074839232
2.06494591467956
2.05532343553469
2.05169498321789
2.04994707156132
2.04889670995798
2.04587639352432
2.04498276106373
2.04980368495829
2.05224251360080
2.046649391888
2.04780824674102
2.04898118095594
2.04800994092977
2.05746645896029
2.05501682606140
2.05167165998354
2.05831265813062
2.06448327335698
2.07422136486079
2.07239683943673
2.06767856871628
2.06497368246143
2.06820344633912
2.07011168959921
2.06607753688591
2.07443720307496
2.07728901118110
1.45888391684132
1.55386393573185
1.51792977632134
1.54518055960732
1.54624972790394
1.63520436064860
1.55197818955057
1.55478752278872
1.53395098958599
1.53896347980885
1.52563489032732
1.49999784197127
1.40996938349649
1.43713383469661
1.47342880977796
1.48389396808166
1.44495872359351
1.50664341428952
1.49049333315450
1.49013892310453
1.53086136394469
1.49058796230882
1.41978461234482
1.38192581970581
1.36472837489418
1.37997819575351
1.41681792612862
1.50089654271267
1.47756605594305
1.54453771186085
1.5198610611157
1.57056628161888
1.52699134088324
1.57922373608786
1.67635905387269
1.56900499532198
1.7123385239015
1.63013490486338
1.6526995902393
1.62968797659405
1.59640521858486
2.09256787842345
2.07861572871446
2.07959595666666
2.07418298063196
2.09051212852116
2.06228555368971
2.05900526897019
2.06164326269642
2.06102679562183
2.06526054582532
2.057717436674
2.05169343374592
2.04575446225231
2.04014349154222
2.04039593095951
2.03970776559468
2.04167660955562
2.03413899011141
2.03994490355985
2.03549336142489
2.03435984263050
2.03152255915861
2.03135390014381
2.04337638414887
2.04679041822305
2.04657729247579
2.04798688380421
2.03982764219088
2.0509922141741
2.03632907008369
2.03976965895566
2.04970108176862
2.04636661513789
2.04981692617812
2.05328911287191
2.05427790635802
2.05968412913781
2.05093503495368
2.05110668760918
2.04660374510677
2.05332744829746
2.06811703130203
2.06713845494269
2.09025277912674
2.09822954577854
2.09929156702938
2.13446103740496
2.12474714071016
2.12491119413300
2.12300435123649
2.14055869305142
2.15748858689778
2.14728811229657
2.12476799058743
2.14204601846197
2.13808843670972
2.13464349841988
2.16231432627397
2.16682882393043
2.17656587129418
2.18119453924472
2.17230151900634
2.17884522497622
2.19739092557536
2.19672136338404
2.19897506217551
2.17773455285267
2.18539628199924
2.16989263081792
2.15364290090197
2.18172599751491
2.14799038883866
2.13657941636423
2.14812363194898
2.13852351598987
2.14289967867996
2.12974916211354
2.13270050330100
2.13418441207099
2.11581263330574
2.12606390382665
2.12966836163220
2.13225375103708
2.14454140998412
2.14661457571726
2.14208700936976
2.14283371243764
2.11367473231437
2.08188821549026
2.08652675548852
2.07374522936914
2.06848032012858
2.07564394243839
2.06971595230851
2.06493871015089
2.07344636903856
2.06702404134933
2.06736196253305
2.06704348118513
2.06547999812397
2.05742780767315
2.05178931694457
2.04887556151321
2.05089262060544
2.04479120746134
2.03811773560038
2.04099338260439
2.03785286104731
2.03682054579125
2.03588043741666
2.02859616213269
2.02312830931839
2.02520704063169
2.02576959100654
2.02825866250810
2.03021470440533
2.03176405406910
2.04004220758571
2.03851090285457
2.03474928672439
2.03947112668017
2.03378167844213
2.03854333679472
2.03188763672588
2.03619875088030
2.03209803950599
2.04347810058879
2.04373235298463
2.04342261679807
2.04580405239092
2.04388553841232
2.04694907207435
2.04942051721391
2.05069718669499
2.06865655811077
2.06468097151061
2.06731615939645
2.0623522941898
2.05939493089048
2.06214642569853
2.058813394043
2.05620215146801
2.05345984807288
2.05221877137386
2.05109623005410
2.0691748785462
2.06474881474322
2.06345866321981
2.06425261071423
2.06271836554279
2.06489874598812
2.05810740807487
2.06275864103046
2.07298670544129
2.07370658359195
2.04698001653448
2.04678474084781
2.04677591003356
2.04662938091026
2.04322188475598
2.04919002076699
2.05513006091459
2.07963578933359
2.07862823486627
2.08788333847227
2.07711356947141
2.06140750568343
2.08473178306859
2.09035927497102
2.08790254614617
2.09970884939779
2.09297659976457
2.08907149035141
2.08466845639541
2.09434146090149
2.10459961753615
2.10637038636247
2.09855602991903
2.10726784279307
2.10739261681746
2.10508628805416
2.12061734119386
2.11786247991125
2.11191982280822
2.10605111195478
2.09945842494557
2.08872364031763
2.06606911041704
2.06920124822175
2.06877726204176
2.06751280094565
2.06657334002632
2.07140906186602
2.06599277326603
2.08063309134061
2.06947632954245
2.05270289122244
2.04380850576172
2.03605953370746
2.04516364128879
2.04138718865051
2.03717691110704
2.03518892889027
2.03515988041964
2.0331286052734
2.02609079134769
2.02681259761381
2.02363412856263
2.02494863922727
2.03458060726422
2.03321677388512
2.04051391835350
2.03864475229481
2.04425143492122
2.04095808744452
2.04002282549539
2.04009793111956
2.03588731309284
2.03220317132615
2.04342329070343
2.04288163454287
2.04738838937994
2.05353424752007
2.05480555606097
2.05266326265176
2.04480006821584
2.04653031924936
2.05323950543690
2.05581712091589
2.05440353142321
2.03759427473859
2.05601285817037
2.05325358834121
2.05997213307367
2.06327259205136
2.05999534659345
2.06551564883018
2.05445598601324
2.07135096272707
2.07234976931085
2.08766145724294
2.10220838641307
2.10035540556040
2.08768165015714
2.08228732805153
2.09007721989317
2.08228261351572
2.08917361501162
2.09266158806128
2.10863960117533
2.10999671841431
2.1195238589453
2.11994089652291
2.12306993240802
2.10458938463980
2.09383623172710
2.09391648699275
2.08623703283997
2.07864386533142
2.08132458490708
2.08524871527047
2.08207631674491
2.07258190047111
2.07892951030562
2.06853769654361
2.07413132340688
2.07137188038183
2.06602297144334
2.07130274707746
2.07279589240577
2.06955492727238
2.0701612476408
2.06425729324743
2.06362904198459
2.06843232515081
2.06089254901089
2.05566512261361
2.04746458824231
2.03333234001577
2.03310493491407
2.03471582130822
2.03361002416586
2.04742876139156
2.05636314320643
2.05999026620533
2.06768056661587
2.06332345847284
2.06308276971932
2.07341543705139
2.06933295896568
2.04562558777228
2.05893561291788
2.05113154219444
2.05375759082954
2.04809606297724
2.06065660585335
2.07106818413216
2.06949393374345
2.05585267360791
2.05931860307853
2.05738368766799
2.05628229180063
2.05047865413868
2.04305994066874
2.04025878747014
2.03700274612354
2.03919783568085
2.04043438134369
2.03977750196114
2.03970873992890
2.03680663289146
2.03231604051833
2.030020390685
2.03281858277252
2.03173849843595
2.03032853923902
2.03011189895708
2.03254614444537
2.03575664383308
2.03808200881533
2.03599664152058
2.03422422577942
2.03234052361419
2.03630172199725
2.03723269562515
2.03580178265112
2.02284803520871
2.0240722858544
2.02624857209482
2.02545383128099
2.02567086652913
2.03379925736878
2.02798278875156
2.0196982788085
2.01866667525176
2.01760912456167
2.01715838843208
2.01928091460604
2.01995657576160
2.01652637494949
2.01768091792356
2.01520807417263
2.02015645576652
2.0181633564349
2.02012916623210
2.02478421203224
2.02673840450875
2.02436478413046
2.02091757545856
2.02020233232205
2.02534708460246
2.02596130994309
2.0291854562295
2.04118142090504
2.04164827982385
2.04278654891984
2.04635040680124
2.04580904312993
2.0347070711681
2.03754324603243
2.03263399280862
2.0271369430797
2.03695944071178
2.03627995016340
2.03454841409331
2.03015562320510
2.02656206147258
2.03201959284614
2.03430072237791
2.03793557196341
2.04060035262910
2.04882112317423
2.04897970226973
2.04563018815532
2.04585696941746
2.03958823470423
2.04440515201326
2.06234347169195
2.07045316129597
2.07427672407697
2.07213070725371
2.07435274216231
2.08419002890028
2.08534170904058
2.08430638823845
2.08438904184213
2.08009152740079
2.07706407487076
2.08067190021278
2.08324842310822
2.08008716701896
2.08027327909865
2.07018191936720
2.07634308394861
2.07032983725670
2.07760990550341
2.0706971008705
2.07452572024835
2.06249351511406
2.05640881562793
2.06097445335696
2.05121700365771
2.04435132734155
2.04535323195975
2.03429800334462
2.03336723160943
2.03558958024051
2.03032882358506
2.03088484615393
2.01549192315917
2.02091410592242
2.01887564821425
2.02226742357659
2.01661272561969
2.01820294994529
2.01449071679876
2.01521676000217
2.01535829212706
2.01531689289446
2.01880760565463
2.0247007496411
2.02931038726465
2.01958328961471
2.02154282708556
2.02754138036944
2.03697635615389
2.04097886971533
2.04719493295022
2.04425927423174
2.0447908496406
2.06235222963275
2.06641151332545
2.06632082453317
2.06239577189276
2.05210684086619
2.05175293091053
2.05121354823675
2.06336846160323
2.06389521039555
2.04877228796293
2.05009318286634
2.05183755117737
2.05591485587478
2.07353275909405
2.07079916550007
2.05692277114298
2.07998724535788
2.08870513170322
2.08015716644748
2.08202595681905
2.07787468280137
2.06747659900458
2.05300625520393
2.04939087090182
2.05031711554538
2.04561619402977
2.05798751988152
2.05661602550123
2.07732710280770
2.06588240983051
2.06189461812234
2.05800228179955
2.0625455694625
2.0580017229072
2.06886309114124
2.06262584227410
2.06717276520192
2.06959608171471
2.06564055340742
2.06993742032624
2.0579070878215
2.05305062517712
2.05653406662230
2.05606186361986
2.04831181111648
2.04697901616423
2.04520258365981
2.05317166441818
2.06105096892403
2.07446380088845
2.06518650438180
2.06539169554188
2.06643534728624
2.06247017966567
2.06923517056329
2.07054447686185
2.07167222773222
2.0548659569316
2.05077952642721
2.06024567466915
2.04967666495294
2.04530917066106
2.05033483857891
2.05060503696312
2.05354325645246
2.04974992806140
2.0609389196648
2.06624956851525
2.06578378445777
2.06618245993248
2.04942196624164
2.04929952253179
2.04833638470051
2.03778339130104
2.03608627399682
2.03915176010389
2.05479341099704
2.05630845705457
2.05428650666575
2.04965680190053
2.05369628398523
2.06829216062981
2.07100013175648
2.06895562605131
2.06612276186205
1.42582895638483
1.3525742464111
1.34270237099371
1.40549978806553
1.42694731414069
1.48023359757444
1.46729750859711
1.49421706767366
1.50876335965664
1.55695535154271
1.4366887014073
1.4365913861241
1.53257118520585
1.58691459524699
1.64517037657952
1.58468626380226
1.53301784612655
1.48261461495922
1.47581973595656
1.52371238110388
1.54703584827421
1.64375234575089
1.64999263294312
1.63109135199859
1.57728501429062
1.5847850680684
1.61898506286348
1.65198640156545
1.70076418270049
1.70099793461345
1.74943831691029
1.69135142297408
2.06495610510154
2.06402715182129
2.06085635193180
2.05312721674944
2.04891993169607
2.04925158332702
2.05580510837874
2.06213213167163
2.06390909935103
2.06014204724453
2.05967284438123
2.06515056974795
2.05785276950629
2.06011176864845
2.06025580427520
2.05861785001975
2.05895214470403
2.06527110683548
2.06396902230720
2.06538432206907
2.07043040451197
2.06059215273540
2.05041264986035
2.05791918185001
2.05709168288359
2.0597007617231
2.05289429735147
2.03948344835627
2.04154499558098
2.04469051340187
2.04353492030655
2.04590286231267
2.04489460702824
2.04663419261673
2.07349868801031
2.07181862894356
2.07327393618737
2.08397125996966
2.08499109036684
2.08390981248862
2.08686108072490
2.08736313220112
2.08655720006522
2.09585889178986
1.46431921042305
1.45033999020043
1.47004713736877
1.47112166145332
1.47862069070462
1.43112413451942
1.43958584290245
1.43625603027196
1.44860936779111
1.41777333303099
1.47862096993147
1.49490671314053
1.54831931298182
1.51455745536686
1.60801997442243
1.54675961596026
1.65638729005840
1.66317612572981
1.51808576043866
1.37397723410744
1.42280919910146
1.42572678326923
1.37524278356674
1.35457332567756
1.27438648956904
1.26287054566213
1.30048403519007
1.19799193687852
1.19965599230207
1.18729264826992
1.17263679379048
1.27265137058618
1.31501921366051
1.29378798495774
1.36346494390894
1.28584061920496
1.25864884964445
1.19024037636325
1.23293791387686
1.27678393145717
1.29883549719608
1.32438040714385
1.55334620762824
1.50930920239271
1.71169459178149
1.72961812066457
1.81941201113760
1.68234828769020
1.63366709870540
1.61867875440579
1.63447809309428
1.60873040461075
1.67192607780372
1.64962240450532
1.56971302517242
1.55196294909652
1.55280820924443
1.57190879531062
1.57281555683504
1.58957674465200
1.58113542350691
1.63932047937007
1.65872433067697
1.74222271434273
1.82099596481362
1.72188427093683
1.70074816836175
2.05713792057766
2.05868769965002
2.06096749199324
2.05988091378423
2.05707218066411
2.05504326487563
2.05849400630805
2.05511064800333
2.06260261590872
2.06665237664685
2.06935724180632
2.10006595306345
2.08912056584288
2.08881041835824
2.07732092967812
2.074675906636
2.08338735426958
2.08119560987146
2.09779317598811
2.09978383711366
2.09711367526546
2.12017301042657
2.12442156010007
2.12529603075188
2.11245690590519
2.11732720062201
2.10261317913076
2.10209082670517
2.09512180203020
2.11069176538672
2.11765980018107
2.13198440375954
2.11941374960610
2.11815123593661
2.12646981701665
2.13204065160933
2.13001158904511
2.12597421924985
2.12634804263127
2.10568835444321
2.11231231842422
2.10409220985864
2.10619380347281
2.10942393646398
2.09940726540199
2.10500315250469
2.10346406533725
2.09928003745698
2.07407704774069
2.06337342190354
2.07070198183800
2.07622546404895
2.06869545592433
2.07045862123960
2.07511809518691
2.08161321830249
2.08975304813856
2.10484860082335
2.09424039683591
2.09442195046206
2.0830395006001
2.09250162051885
2.07118455823533
2.07001623476475
2.06171456039400
2.05518309153339
2.04291450058535
2.03342743264575
2.03750469868819
2.04362369647957
2.04449181727190
2.03072865232437
2.03060026952097
2.03039342702110
2.03796847101547
2.03518163907375
2.04717912195469
2.04839314616886
2.04620201552001
2.04622964480404
2.04635156228208
2.04771636528424
2.05387491571704
2.05183435572866
2.03373980280731
2.02547716969694
2.019967868998
2.02096148036493
2.02307518686194
2.01918107412052
2.02157100742456
2.03113630771655
2.0319391407081
2.03244053081869
2.02903994415978
2.03021623089431
2.0382957821395
2.03868487033108
2.03790588687868
2.04371503298848
2.04935585498530
2.05414650191522
2.06038700522225
2.05305040573316
2.04939714366670
2.0428775940771
2.03943433025653
2.04115545856798
2.04626848721164
2.02768773064411
2.02866789179556
2.02463061309479
2.02019861156175
2.02227470042551
2.0295064422032
2.03629786221510
2.04024930509719
2.04023809831781
2.04491405461346
2.05518576201691
2.05193916407235
2.07885356957319
1.97456982533747
1.91069620435346
1.91741954797949
1.89551780278786
1.94273147105702
1.91588617666052
1.81827195842111
1.64311262430433
1.57761904172547
1.43510724964607
1.45315531095539
1.41317872333972
1.42956077597313
1.38449098847031
1.40941869963224
1.35339339921232
1.38246469373220
1.41916942584348
1.40822528133702
1.39843655493082
1.38960911667575
1.41952248663844
1.43306090356176
1.35561997908999
1.32406738526326
2.08529725931678
2.09139127297925
2.07328104124925
2.06640959577660
2.06691264083609
2.06319739408343
2.06001613063997
1.25597239039522
1.30469380480143
1.29773538601395
1.29560088919180
1.25920754164416
1.27275644594877
1.28431867129076
1.26597873091378
1.24899493358965
1.29893208061477
1.28310786386141
1.32167783169930
1.46917345068994
1.54019720842821
1.62155735858346
1.60088408828370
1.57408696817322
1.70243736093812
1.68570528563804
1.65740414989938
1.64928815908743
1.70501775106391
1.74452013582427
1.72870655913108
1.87224109340364
1.79302625762540
1.73034443346981
1.64767180195315
