3.11887440145758
3.36133165986829
2.74153851302056
2.41450339544835
2.14217841959314
2.45200212257697
2.60343581597341
2.51222342482061
2.51772201327223
1.65229710719764
1.72003590011020
1.71425586934274
1.7878897354294
1.94911036485926
2.02168338408907
2.05967997804597
2.07248796836911
2.08320869695035
2.28305352890645
1.93797815769541
1.89338844249231
1.86429602839240
1.85432899013982
1.75154921107862
1.66883837022902
1.69795086172565
1.68814017513709
1.76471731888528
1.50530870585392
1.60222169559116
1.59941919777204
1.57134841506168
1.57540070871440
1.57144905523154
1.47115547716931
1.46416419077001
1.43780681689031
1.43039229191583
1.40565633231621
1.42838844455595
1.43613638608334
1.48126060850243
1.45168381549773
1.41685194688617
1.47861725885225
1.52147731184900
1.53045760145735
1.56211234507617
1.60621203018863
1.57427061043438
1.58667983963090
1.5283785504789
1.59072340013866
1.65160117800489
1.90495559157210
2.04317948477892
1.93296168790816
1.93431605807738
1.87256559828550
1.91548849184246
1.8038427662663
1.82765711182212
1.86179338709437
1.82800765366847
1.86014319256617
1.88419205016714
1.84357848100351
1.74607208025804
1.84038155050350
1.79136536421982
1.74465413138566
1.73550899962525
1.75051449623092
1.93958246853091
1.90963888060961
1.94311074807819
1.86628731062913
1.86735250839127
1.90773611942535
2.02105349013995
2.05565117214091
2.21636243704477
2.26837319622828
2.24461282830529
2.31167017726700
2.31473420160754
2.38297003688693
2.47101153713722
2.24817982826014
2.29949861588679
2.25888080856265
2.17986641540214
2.20626755749883
2.192737736633
2.12702144499084
2.14988586589358
2.21243648926680
2.24267925949592
2.19972741409511
2.11190286723347
2.12025588711148
1.96088517689540
1.71340672059538
1.60275816392606
1.56440691514642
1.60244452986805
1.66746010831649
1.72300399386523
1.56365088428777
1.50763632038470
1.47147090143857
1.50271459462559
1.46506820503218
1.54272667339345
1.52052149416493
1.40687893503705
1.39994682990583
1.37173917242501
1.37568696756218
1.45888391684132
1.55386393573185
1.51792977632134
1.54518055960732
1.54624972790394
1.63520436064860
1.55197818955057
1.55478752278872
1.53395098958599
1.53896347980885
1.52563489032732
1.49999784197127
1.40996938349649
1.43713383469661
1.47342880977796
1.48389396808166
1.44495872359351
1.50664341428952
1.49049333315450
1.49013892310453
1.53086136394469
1.49058796230882
1.41978461234482
1.38192581970581
1.36472837489418
1.37997819575351
1.41681792612862
1.50089654271267
1.47756605594305
1.54453771186085
1.5198610611157
1.57056628161888
1.52699134088324
1.57922373608786
1.67635905387269
1.56900499532198
1.7123385239015
1.63013490486338
1.6526995902393
1.62968797659405
1.59640521858486
1.52585165019482
1.48815116538130
1.49787200352357
1.55263573790178
1.64445360538135
1.76815964520872
1.90853911925644
1.8755647249095
1.86945605254365
1.70162215953101
1.78102927654762
1.85366547903959
2.00720212846255
2.05160918494973
1.93002065650997
2.04872356978761
2.13631651901437
2.01671222792677
2.16618296866092
2.13994732401834
2.13775937148651
2.09436431972142
2.04394908171532
1.91621741210954
1.91021638584635
1.86198428428479
1.89814207662456
2.09903048947003
1.95607673219005
1.98579068702325
2.1791608754725
2.11776472895430
2.18253188703747
2.07770567114181
1.96752663954175
1.99248919494927
1.9869725585335
2.05093503495368
2.05110668760918
2.04660374510677
2.05332744829746
2.06811703130203
2.06713845494269
2.09025277912674
2.09822954577854
2.09929156702938
2.13446103740496
2.12474714071016
2.12491119413300
2.12300435123649
2.14055869305142
2.15748858689778
2.14728811229657
2.12476799058743
2.14204601846197
2.13808843670972
2.13464349841988
2.16231432627397
2.16682882393043
2.17656587129418
2.18119453924472
2.17230151900634
2.17884522497622
2.19739092557536
2.19672136338404
2.19897506217551
2.17773455285267
2.18539628199924
2.16989263081792
2.15364290090197
2.18172599751491
2.14799038883866
2.13657941636423
2.14812363194898
2.13852351598987
2.14289967867996
2.12974916211354
2.13270050330100
2.13418441207099
2.11581263330574
2.12606390382665
2.12966836163220
2.13225375103708
2.14454140998412
2.38643539045982
2.32916200713836
2.26119316010140
2.16849770878115
2.13359646109344
2.0973461178677
1.99369074638448
1.86985066903181
1.83979367369005
1.83562931796073
1.81672373372897
1.8669717452612
1.68437493436595
1.65620171043757
1.62920748460274
1.61951778641034
1.87034580928892
1.90281767358946
1.90155114149333
1.83973478944777
1.85529403786293
1.86561002230143
1.84231389725417
1.84135056954040
1.86387546932628
1.83361000628861
1.97333437925501
1.91305712340268
1.95647618313218
1.84403471777153
1.85482338391900
1.81796394846717
2.03176405406910
2.04004220758571
2.03851090285457
2.03474928672439
2.03947112668017
2.03378167844213
2.03854333679472
2.03188763672588
2.03619875088030
2.03209803950599
2.04347810058879
2.04373235298463
2.04342261679807
2.04580405239092
2.04388553841232
2.04694907207435
2.04942051721391
2.05069718669499
2.06865655811077
2.06468097151061
2.06731615939645
2.0623522941898
2.05939493089048
2.06214642569853
2.058813394043
2.05620215146801
2.05345984807288
2.05221877137386
2.05109623005410
2.0691748785462
2.06474881474322
2.06345866321981
2.06425261071423
2.06271836554279
2.06489874598812
2.05810740807487
2.06275864103046
2.07298670544129
2.07370658359195
2.04698001653448
2.04678474084781
2.04677591003356
2.04662938091026
2.04322188475598
2.04919002076699
2.05513006091459
2.07963578933359
2.07862823486627
2.08788333847227
2.07711356947141
2.06140750568343
2.08473178306859
2.09035927497102
2.08790254614617
2.09970884939779
2.09297659976457
2.08907149035141
2.08466845639541
2.09434146090149
2.10459961753615
2.32467038655726
2.31022623064064
2.28831257826338
2.29795891113542
2.29543731083677
2.29778003761301
2.23267147282171
2.26612733573470
2.32120734234594
2.18879138194183
2.21451645954209
2.14413387936522
2.23915772697038
2.20934905481711
2.34185936163291
2.27710823193609
2.26831379479946
2.25863918490793
2.19123629063394
2.22176629705902
2.09729493746572
2.12406637905091
2.00364097487191
2.05023369005492
2.08252533820813
1.82230970589258
1.75958220993605
1.74770422329070
1.79415313330029
1.75852615000482
1.69588496680347
1.70553890101502
1.82372389694709
1.62397059298879
1.60530017288477
1.66494708188152
1.55220896645665
1.50547267733114
1.49330305878681
1.50259423071350
1.49627669112686
1.54501964717803
1.46576191886883
1.4154420083513
1.36631173446927
1.40316186110526
1.36402382553116
1.42011571046538
1.38832601405179
1.40703476205628
1.38946944967162
1.45921659225244
1.48928117187581
1.37915480395243
1.42093569214899
1.34490306175681
1.31378240084546
1.30456944420335
1.32926416231773
1.37933307517073
1.37008874558853
1.38550930475248
1.44052316630589
1.59765942088687
1.61593689061548
1.59772610276385
1.60172071192026
1.66404419115766
1.68079793481834
1.70030752238406
1.92191114151311
1.85284796741847
1.76314340946555
1.86549143918445
1.82373697091601
1.83723575097658
1.83013746969165
1.9558120656124
1.83050217591927
1.79889602299734
1.77198519273031
1.80079874628807
1.82048336393161
1.76922801916142
1.9626196479844
1.7531088357741
2.18770863469744
2.20790543402556
2.17752631437969
2.21720464838441
2.21954147171888
2.39314577770418
2.36214883357886
1.71197740250491
1.75620076817981
1.77744711462519
1.79128123188656
1.70788173371792
1.74990541638503
1.74392802035983
1.59804076626257
1.52791296724464
1.50748338547957
1.53071708926762
1.50861219526391
1.50306443845055
1.51784905496653
1.46118616389947
1.44078507341558
1.55443799237519
1.60276165969393
1.62718655096366
1.64326313075598
1.51958403732841
1.51037528253403
1.47220333103710
1.47681791440047
1.52971689691159
1.47663078494683
1.57773868906488
1.56658646754247
1.55243909481622
1.48215196883021
1.49162606415864
1.49144756622715
1.48632037433978
1.56376220500574
1.51265237936931
1.54306336615205
1.55411172468390
1.61832620706841
1.66334837623282
1.6494734124182
1.63166885098629
1.61948855556821
1.60821695754504
1.65201741712924
1.73259957821380
1.75739292343175
1.66046294801885
1.64264450462402
1.64794964422778
1.71245339317777
1.74815123162206
1.70876253259481
1.78887968245212
1.85972846667116
1.87699375205206
1.94385603157832
2.01802565306620
1.96352621813941
2.00018619396195
2.087424131401
2.09582511754627
2.12985761418879
2.01749356582724
2.0458555459663
2.04727087332580
1.94801813922710
1.93094840720581
1.84265141784479
1.72025924007715
1.72147758913060
1.85696584671774
1.83380398519914
1.84182531275764
1.79970456155864
1.83438285955597
1.81853206647275
1.87725770708898
1.83607247722526
1.86126950054410
2.00029728953746
2.01553965371281
2.10659338151491
2.34884315218764
2.29123437496784
2.22195965248835
2.10413349350321
2.15983828553413
2.20293599948887
2.00076408761787
2.25339415688570
2.17648306388624
1.74821910495933
1.70423292489108
1.70058361530934
1.64684938582006
1.56262668105705
1.54359266893953
1.54638706106086
1.69064856238920
1.68687773881349
1.50688551768096
1.53851972583277
1.47064279876739
1.46538146509993
1.40035690819513
1.31045953836190
1.30971422173539
1.2920368250156
2.11022269568343
2.11465217928873
2.27411424856546
2.260936713018
2.29298813204528
2.34471995751046
2.32024111693196
2.32861011229700
2.17595851626339
2.17883231250060
2.11595114083082
2.04493633148172
2.01059518527089
2.02241265237059
1.94050071284565
1.98538165108279
1.98241287543151
1.94328249511397
1.97758032503531
1.97617508241393
1.98652615367546
1.90991747452327
1.92777284917078
1.93862482278476
1.93694661219455
2.06112287710259
2.10847742476863
2.09530134261328
2.17520648197107
2.10925648799486
2.43466803323235
2.44024445218051
2.26321546262441
2.02137770266531
2.31877348595444
2.28798396485089
2.42698977108219
2.4018501244701
2.01449071679876
2.01521676000217
2.01535829212706
2.01531689289446
2.01880760565463
2.0247007496411
2.02931038726465
2.01958328961471
2.02154282708556
2.02754138036944
2.03697635615389
2.04097886971533
2.04719493295022
2.04425927423174
2.0447908496406
2.06235222963275
2.06641151332545
2.06632082453317
2.06239577189276
2.05210684086619
2.05175293091053
2.05121354823675
2.06336846160323
2.06389521039555
2.04877228796293
2.05009318286634
2.05183755117737
2.05591485587478
2.07353275909405
2.07079916550007
2.05692277114298
2.07998724535788
2.08870513170322
2.08015716644748
2.08202595681905
2.07787468280137
2.06747659900458
2.05300625520393
2.04939087090182
2.05031711554538
2.04561619402977
2.05798751988152
2.05661602550123
2.07732710280770
2.06588240983051
2.06189461812234
2.05800228179955
2.0625455694625
1.43886079716129
1.3707627386731
1.41005173396087
1.69967751689837
1.73867460386005
1.68506164077896
1.52814953499142
1.56274981498916
1.47026615432635
1.38127501359532
1.26910231504082
1.21818587363042
1.19929224567494
1.16879490203770
1.18258643138266
1.34509098361898
1.31590425477943
1.31846484092438
1.34573298521294
1.30182115945469
1.29119437817656
1.50385727890374
1.52309521935034
1.78068449051478
1.66061145854717
1.64943706589969
1.65041859693245
1.61067610776513
1.51346866670890
1.52413506425297
1.55056357001301
1.6109264969762
1.5934495296744
1.60420369875315
1.53420398734702
1.42150410120218
1.42385356132645
1.48210792772677
1.53798128881217
1.42702806042940
1.45978146552666
1.40508668953986
1.38996015837441
1.44569773242106
1.41113608185771
1.40527343756672
1.42793057264094
1.48858843342160
1.41681777562922
1.40311622201083
1.41717803725086
1.44763422368874
1.42582895638483
1.3525742464111
1.34270237099371
1.40549978806553
1.42694731414069
1.48023359757444
1.46729750859711
1.49421706767366
1.50876335965664
1.55695535154271
1.4366887014073
1.4365913861241
1.53257118520585
1.58691459524699
2.26709974064198
2.33497477662911
2.27971796446327
2.28672656973322
2.26043349358146
2.27652788151761
2.32295416885965
2.38367688539764
2.42030450431398
2.3703134826304
2.33247763851563
2.38267272244276
2.43892568088526
2.42509379817807
2.45855705678581
2.46719458203514
2.477410429344
2.48995091111764
2.51417919438283
2.50813918662618
2.47533880844948
1.70219758618338
1.73484387147794
1.75667997019808
1.79586408651748
1.7837521587456
1.80620240787157
1.82067220748998
1.85381291230976
1.80090624045234
1.66603630894703
1.67800789314230
1.68199392978201
1.59636820704378
1.53173866820629
1.58128856655827
1.65483465447545
1.65510114649864
1.77386610234427
1.7686126539409
1.77284316108357
1.87950260415054
1.81150826811388
1.78404614775341
1.85006200988434
1.79448366923731
1.67653578329334
1.82378142400785
1.77673214635855
1.75906217540116
1.71254576116514
1.69351395735248
1.67454060212217
1.72723035247017
1.63884944734566
1.67785411329230
1.61487610251972
1.68304634488018
1.61324934012675
1.61513970741496
1.59373188175735
1.51486541331642
1.46431921042305
1.45033999020043
1.47004713736877
1.47112166145332
1.47862069070462
1.43112413451942
1.43958584290245
1.43625603027196
1.44860936779111
1.41777333303099
1.47862096993147
1.49490671314053
1.54831931298182
1.51455745536686
1.60801997442243
1.54675961596026
1.65638729005840
1.66317612572981
1.51808576043866
1.37397723410744
1.42280919910146
1.42572678326923
1.37524278356674
1.35457332567756
1.27438648956904
1.26287054566213
1.30048403519007
1.19799193687852
1.19965599230207
1.18729264826992
1.17263679379048
1.27265137058618
1.31501921366051
1.29378798495774
1.36346494390894
1.28584061920496
1.25864884964445
1.19024037636325
1.23293791387686
1.27678393145717
1.29883549719608
1.32438040714385
1.55334620762824
1.50930920239271
1.71169459178149
1.72961812066457
1.81941201113760
1.68234828769020
1.63366709870540
1.61867875440579
1.63447809309428
1.60873040461075
1.67192607780372
1.64962240450532
1.56971302517242
1.55196294909652
1.55280820924443
1.57190879531062
1.57281555683504
1.58957674465200
1.58113542350691
1.63932047937007
1.65872433067697
1.74222271434273
1.82099596481362
1.72188427093683
1.70074816836175
1.62285359431331
1.62011814586756
1.60562616261652
1.59722518496640
1.62898564398641
1.59797681578195
1.57674078171172
1.58952554509720
1.54780727035519
1.60950163188069
1.46469078700491
1.48875838297088
1.44640484392111
1.50140517810426
1.45088390296841
1.59723278037854
1.66423790785423
1.67070434053324
1.64316641376735
1.61351891871642
1.59075176760290
1.66824302301070
1.68798800267369
1.86255016111576
1.94678399017586
1.90619082405726
1.88961427382916
1.96679086261148
1.90273832233242
1.93188219369248
1.96868995155367
2.22673864219262
2.10507313477141
2.14083717203122
2.07251874253463
1.96085034111288
2.02515540470873
1.90428028302783
1.82381889904524
1.77182797438392
1.97461623804871
1.95408850800673
1.87513958861163
1.95424708163385
1.86847359535609
1.82263163281684
1.71837604425051
1.80367588274508
1.7829085882306
1.80737532968962
1.81803796250267
1.87974090864087
1.89511180128382
1.90565825919385
1.94310628408751
1.93883933318402
1.90673090836942
1.90018479760593
1.83405190880560
1.79940726190260
1.93938682591954
1.94343475079942
1.98916985823565
2.04591509570303
2.04807072045095
2.03016736542709
1.97234493343102
1.96151372010516
2.04547031617583
2.08096332269378
2.21519571792279
2.32922668490342
2.31321811413631
2.32297752857522
2.31569737463771
2.35631170269516
2.33464282339791
2.34817858903905
2.39434167126344
2.38357606419293
2.40895951136662
2.43993076224058
2.5166966007419
2.65577670296265
2.71010222776906
2.70678075219343
2.67770354156809
2.59621543757795
2.37424304478627
2.41991575892015
2.02157100742456
2.03113630771655
2.0319391407081
2.03244053081869
2.02903994415978
2.03021623089431
2.0382957821395
2.03868487033108
2.03790588687868
2.04371503298848
2.04935585498530
2.05414650191522
2.11925846565855
2.22184812521341
2.20508474357422
2.17939562067010
2.13042792503622
2.13038007593403
2.09524853390541
2.11012069686876
2.15213425023419
2.11472735819899
2.14725298760583
2.14789901139766
2.20066889671374
2.13076718081746
2.27580445545279
2.26938791369014
2.22284221995585
2.25782398881499
2.23056545246700
2.07885356957319
1.97456982533747
1.91069620435346
1.91741954797949
1.89551780278786
1.94273147105702
1.91588617666052
1.81827195842111
1.64311262430433
1.57761904172547
1.43510724964607
1.45315531095539
1.41317872333972
1.42956077597313
1.38449098847031
1.40941869963224
1.35339339921232
1.38246469373220
1.41916942584348
1.40822528133702
1.39843655493082
1.38960911667575
1.41952248663844
1.43306090356176
1.35561997908999
1.32406738526326
1.18024056774347
1.15231714293877
1.14656809390415
1.16731180056031
1.16005576897291
1.15519860654012
1.17488855448154
1.25597239039522
1.30469380480143
1.29773538601395
1.29560088919180
1.25920754164416
1.27275644594877
1.28431867129076
1.26597873091378
1.24899493358965
1.29893208061477
1.28310786386141
1.32167783169930
1.46917345068994
1.54019720842821
1.62155735858346
1.60088408828370
1.57408696817322
1.70243736093812
1.68570528563804
1.65740414989938
1.64928815908743
1.70501775106391
1.74452013582427
1.72870655913108
2.34458188217146
2.30768093544421
2.36581899028961
2.37553367869724
