3.95860640709649
4.02814800111316
3.38253088686044
2.41450339544835
2.0931617077455
2.45200212257697
2.60343581597341
2.51222342482061
2.51772201327223
1.76560305258558
2.16561132067158
2.41014177582438
2.49357793365992
2.58170837373401
2.58282209128946
2.56937328857525
2.49056423631354
2.53467857464893
2.4602765672589
2.40429258756189
2.47110377311656
2.49287651684207
2.42309674857707
2.40339281700139
2.36401856101176
2.50457383360087
2.52928372710319
2.56447556051363
2.38667225477000
2.37484510875867
2.43983344054406
2.4190409612456
2.39964771949612
2.35565345300778
2.15524472910297
2.14383580510538
2.10071361662368
1.98855807695424
2.22383049680551
2.13955575179207
2.14882837757354
2.18715093072973
2.09204482713204
2.13978491931988
2.16101836253794
2.1734355138107
2.28142055978101
2.17871522058182
2.39317334727411
1.65907825359752
1.63850499747938
2.16640339351949
2.35305649520706
2.24430330487928
2.32026097863405
1.78804906072907
1.77694490988726
1.49153833414055
1.71588799287351
2.02099004945365
2.19778854549455
2.12544486978270
1.89808628360858
1.81017771895234
1.57054742970346
2.29461326233508
2.36495117010044
2.10887656944137
2.12345971341799
2.04178069545049
2.01193233838281
1.91842306108875
2.0353798216749
2.17405111644880
2.20009728203871
2.33589137246329
2.13499519960118
2.05038962151725
2.15005881824518
2.30598751561235
2.1859713274104
2.43374530822509
2.44232234443957
2.26009667366326
2.36222945069303
2.58192117015784
2.80050679470498
2.88195882476828
2.7953055515743
2.72664171587926
2.58128987992089
2.60851575990568
2.62799592705617
2.68380145924779
2.80545573542594
2.85357022883538
2.9497770906702
2.89398493546921
2.88802406083516
2.91248725152214
2.90260402083726
2.64187397825864
2.25025430284754
2.11688815303380
1.99576406575840
1.93136520942168
2.039676681043
2.09258075445966
1.95103357106457
1.87139206915112
1.85912446201801
1.85688462613977
1.82992956479769
1.76523486080801
1.73322864649331
1.63210883632503
1.61807994140406
1.59129139926105
1.66726505192426
1.72810294938942
1.73873676421989
1.77265358351066
1.79807495827499
1.71665543696323
1.78809345554396
1.64628670506492
1.62326684233277
1.55702996472369
1.60364884173257
1.75927401950388
1.46897228489130
1.56084474256583
1.59108129737265
1.75754664260431
1.66155010760631
1.64601269995347
1.65096339053415
1.69483391337379
1.64204756363342
1.56568062045856
1.59592547352248
1.43946200677123
1.68433432523452
1.91300301657334
1.41664044014444
1.41386114285308
1.58486197840608
1.82365870521261
1.6521845365611
1.75856827708009
2.24729478507048
2.07609693916005
2.03693957182840
2.05472099024573
2.08304347464877
2.23698644101222
2.03926137116633
1.95169708293166
2.03023032204509
2.10198596425623
2.15314278141738
2.21176352698847
2.19300117848839
2.34829900615951
2.34793760393936
2.42811798543960
2.44274408465887
2.65986335566886
2.60046314758202
2.48493955671348
2.44531813767328
2.53762389903684
2.52308899991003
2.51983182092683
2.47458799975037
2.66936268218875
2.67712837858985
2.70414552616430
2.66455418433157
2.61954020668463
2.57002542776901
2.54714702054521
2.39909277441903
2.38491171213034
2.3658815041292
2.28514340786619
2.30559486206505
2.28943983875916
2.16371181263821
2.86815237414204
2.80255916117156
2.60484998621272
2.77097121436869
2.69478129246895
2.64011897831601
2.63321352374913
2.58959814411064
2.63635663132268
2.69906617687026
2.76980480689387
2.63845805310652
2.89609337272304
2.93224003982013
2.98182553421247
3.05836669156487
2.89837243634324
2.68480936947371
2.76799848853112
3.09755960170781
3.13494804003714
3.12261838503687
3.25174264553148
3.12267442735045
3.35950451654873
3.23557921034468
2.95416208849152
2.90429480073636
2.96541175584491
2.88574445629111
2.92073644217491
2.88446322643587
2.80117488672085
2.91735627603952
2.80918402488147
2.79154844650316
2.78623624996519
2.56604456522409
2.5392596131705
2.52456991262258
2.52016822996921
2.42783537806732
2.33035732044753
2.30577363759087
2.40082757783213
2.45993053692201
2.59380273018199
2.45051705733198
2.37244128246755
2.53774299127538
2.56425694901694
2.53908064625115
2.47758831796772
2.42597026797837
2.56710592472833
2.58636295631769
2.58922829177586
2.56955504270791
2.64290499226828
2.40089933422951
2.39709154055244
2.34158876975397
2.34948541479207
2.47405226213788
2.43092086457347
2.41374209201651
2.31160709293732
2.45572664296451
2.46412857794378
2.53991146117463
2.55770896426853
2.78334037119465
2.56092900798917
2.55013291573386
2.52608190810748
2.59820346329238
2.77786829977980
2.72468126210213
2.74690959380067
2.76173784032935
2.69763691050348
2.74074173512790
2.7925275361762
2.88188355698189
2.82007035826329
2.72523150265105
2.62994393894082
2.71430060724127
2.78791416697356
2.70214026087618
2.74489724404862
2.69672826025719
2.67337357929830
2.66840516188757
2.53529600851268
2.54810123001699
2.54132488434096
2.57258937914330
2.61242393377788
2.60694353677918
2.66472274477330
2.68818900296544
2.86396481783789
2.92905755923090
2.8440779102775
2.83402634227795
2.55504078759594
2.68414156681482
2.64268979036013
2.74438526036611
2.56733537928341
2.7066391204535
2.35935940105559
2.35520248765956
2.33988194185412
2.35664521256102
2.43212998945579
2.37717231518295
2.40394099727050
2.43504673288662
2.43995238770569
2.64525858543097
2.66279793285942
2.43716674302695
2.48485441127542
2.36670308054528
2.32481210620468
2.3585837615556
2.35336494277866
2.37918520469586
2.60014266563609
2.56172013826969
2.50140858796595
2.35343227383545
2.30645052067203
2.41459359803219
2.54608812515016
2.44997036793332
2.54217385653426
2.67161375351065
2.82549120840194
2.83142951555869
2.53244241286051
2.51894981577119
2.48790303331585
2.62177535848101
2.59412598166086
2.57054285040106
2.59540057300255
2.65374783158863
2.4742242220541
2.67744727887392
2.62685589891334
2.54128482772232
2.55349339480067
2.68733461413406
2.53724767188903
2.71997054132578
2.64185891040043
2.82259511497143
2.71438221060998
2.78381801706247
2.73347128017542
2.72058285124147
2.72600397583436
2.62035449302428
2.69219758586584
2.61876469398999
2.54737273239914
2.35830793031394
2.20740084372311
2.18026512715427
2.13429172570376
2.18243998556478
2.19627255277691
2.29620448847621
2.19940171773020
2.20943062422404
2.19236898793082
2.00445823843543
1.77714668691663
1.70940563539525
1.71285542480334
1.732960406733
1.71607405403493
1.62133507046673
1.58924357726066
1.74295198813150
1.77875286828255
1.84895449363167
1.67881811957428
1.72549352105972
1.89413105511354
1.84217782191883
1.83945263026259
1.80127960619638
1.83638072929401
1.7691918172095
1.86486113856723
1.90187811757748
1.87113215331962
1.83521109593807
1.96045365146551
1.96290215456162
1.95195674095307
1.93034416387527
1.94009806273569
2.03062765049388
2.02043359002700
2.06454344219275
2.15077339199729
2.21926226883127
2.28353938966895
2.38494569628579
2.34725690801345
2.32015107556985
2.15748762896102
2.22802783517118
2.32445176995516
2.2801004060113
2.26368657152358
2.43901119454628
2.40836704183970
2.34654053056351
2.39764000469522
2.35728215112198
2.35522643746686
2.29642333342167
2.18198517028354
2.12894513545745
2.11793910513139
2.12687183336047
2.18508266770863
2.18770863469744
2.20790543402556
2.17752631437969
2.21720464838441
2.21954147171888
2.39314577770418
2.36214883357886
2.38972754548779
2.54377793666666
2.60505304084859
2.58817959518
2.59059445470433
2.63860708753477
2.63983086646647
2.51974932188071
2.49642044737046
2.44286072691942
2.49195556270125
2.32752241144477
2.15690056380525
2.35122843939609
2.38942460306249
2.35096231683056
2.22469277547757
2.28609696369803
2.26175345649889
2.3183833067116
2.40019810822188
2.41377001480545
2.26402646799996
2.24651245042106
2.22841907167981
2.23303046547651
2.25750904895734
2.27019213313333
2.26722375607366
2.28180047884058
2.25994859587104
2.33317670359661
2.3655486447474
2.45701233142166
2.40656576519431
2.43502058877956
2.23752023941933
2.11634022744139
2.02415492459861
2.01583366658146
2.19942562327265
1.82281639606858
1.86599240482188
2.03648900273312
2.18446106125054
2.34969819111397
2.51205081935892
2.53395897402323
2.58357198130795
2.52152035624262
2.46576107620113
2.29233248173282
2.62050768189731
2.71017190425736
2.72750436182854
2.46611822084837
2.51669126161338
2.45599687665107
2.53466899041188
2.53445684467706
2.35309930064606
2.24028526061879
2.10999256161164
2.11171350987851
2.16173233074334
2.05510422348534
1.98677752031541
2.03153773041668
2.0592441062521
2.01458648868450
2.15340663466736
2.13311209318517
2.13581080383194
2.18333349339509
2.25397774898884
2.17275794425189
2.29368001125582
2.26797565159626
2.26110929035698
2.23384431303756
2.28718569303429
2.27711374335694
3.00464687923471
2.99426086573531
3.07801846057682
2.94735130667475
2.86967368211524
2.77340533076278
2.67611496169892
2.52191677534011
2.51556915286491
2.34049110713532
2.29328683846460
2.10597255202305
2.076199384253
2.14775998418195
2.0827721395616
2.17704499730988
2.19094361929354
2.20555015045314
2.15531494361398
2.14934037666982
2.09234955352258
2.02619599944482
2.21439901438928
2.20712488426690
2.18427834288496
2.16240589896835
2.11022269568343
2.11465217928873
2.27411424856546
2.260936713018
2.29298813204528
2.34471995751046
2.32024111693196
2.32861011229700
2.17595851626339
2.17883231250060
2.11595114083082
2.04493633148172
2.01059518527089
2.02241265237059
1.94050071284565
1.98538165108279
1.98241287543151
1.94328249511397
1.97758032503531
1.97617508241393
1.98652615367546
1.90991747452327
1.92777284917078
1.93862482278476
1.93694661219455
2.06112287710259
2.10847742476863
2.09530134261328
2.17520648197107
2.20623947039218
2.47293139074573
2.40018424776767
2.51492791525008
2.53071100553534
2.56290950834507
2.56119089526221
2.56367901263582
2.60514891718603
2.61989145373760
2.78073182491237
2.87316889842513
2.89212497177840
2.87816346032721
2.85086697563215
2.87391945409059
2.7902482035891
2.69101629400755
2.59289451740221
2.65674384940233
2.69067477081968
2.63541246710879
2.59314824888434
2.56484573678733
2.66144122930161
2.64610779609895
2.69722825059700
2.7528371051211
2.76945685787512
2.78799438510544
2.82234957647248
2.80810242887074
2.90468899861484
2.75607874082823
2.85589545783821
2.35368099892476
2.28717602195293
2.38890440043800
2.39202289916988
2.43271425619308
2.30398705487490
2.36791819536536
2.29462128247533
2.24530141746003
2.30055027498823
2.25552071761504
2.26795448685059
2.28846982445403
2.26135371178896
2.30498034506982
2.21746037471304
2.18553074209007
2.19780560145063
2.27788360668911
2.25520466579778
2.24684962113879
2.22711188744254
2.18099096828511
2.20104639768392
2.18134107414113
2.09428731876386
2.10297356112756
1.93523463382588
1.98035443644195
1.97102576114453
1.95287610974928
1.92323924134648
1.92189573255123
1.91551827002950
1.85751647977282
1.87427780440479
1.82177568364482
1.87267269142850
1.87471890505509
1.85316256075602
1.79384940458972
1.84592303819583
1.79334906086389
1.84050590368164
1.94063828934026
2.14680454245639
2.37445812762985
2.35684580927110
2.40340572233363
2.34624943267238
2.31371561895687
2.2631721364191
2.33894076538594
2.41903695638800
2.21574001290308
2.30401963364991
2.29658611208911
2.24588428028891
2.24180119475431
2.16233843461061
2.12593588756608
2.10957250789377
1.98980478410421
2.18995087130702
2.23421118790885
2.22901193286302
2.27403467310548
2.24552230109561
2.33990657406081
2.36673041123184
2.28874675508250
2.22455246392803
2.20016210490215
2.26581402043237
2.27896336268063
2.16461740517568
2.17330475123969
2.20246472815243
2.22830435428474
2.28347231935528
2.25263464517215
2.28573059043795
2.26787490731986
2.33811920487914
2.29015762364835
2.23051062738250
2.25069800156649
2.26924874165678
2.26709974064198
2.33497477662911
2.27971796446327
2.28672656973322
2.26043349358146
2.27652788151761
2.32295416885965
2.38367688539764
2.42030450431398
2.3703134826304
2.33247763851563
2.38267272244276
2.43892568088526
2.42509379817807
2.45855705678581
2.46719458203514
2.477410429344
2.48995091111764
2.51417919438283
2.50813918662618
2.47533880844948
2.49652333654985
2.45814898734385
2.49044697403806
2.49326630312797
2.36489244129168
2.32510699793824
2.50832942351626
2.53089108063428
2.54157920664023
2.48192437022474
2.52005141934249
2.54220131390111
2.45357543690197
2.43312449922672
2.41190247547846
2.48002553472677
2.50322768846523
2.47130136741261
2.51331970267898
2.47375324664815
2.53400107468009
2.53994481525350
2.53168047933618
2.57493018255734
2.55153077716994
2.38565887152491
2.45179285494758
2.37674368541335
2.43983038192700
2.3731785625656
2.43450567047563
2.38771336445722
2.35303670232869
2.22946727505039
2.37322698178575
2.36400664404392
2.32316243824151
2.27656330716205
2.24423352032654
2.21691288835583
2.19760603437806
2.17334032158803
2.17462681641354
2.1407582272222
2.25255204158714
2.27897927252089
2.26447050195847
2.23949111249990
2.22275273101768
2.23636849691708
2.20459982017462
2.18225265362388
2.19432601100293
2.22763900820829
2.25826690894733
2.25939894607665
2.45260655448007
2.52703207558936
2.48446378459316
2.27592642721782
2.16965780453396
2.25099844868259
2.24458712100448
2.15926278987860
2.12296242816839
2.10563664920214
2.09676594279678
2.11369183195052
2.14310491689621
2.13938988780613
2.14637557400337
2.14164414576887
2.20802160978875
2.25247212386219
2.22634722897569
2.19293586766900
2.14746389400303
2.19496798038253
2.12606537705498
2.0949848792221
2.06882019071251
2.03628784589333
2.08469754848684
2.09152310978021
2.05623875330311
2.08490099621855
2.09780219777624
2.25687277287907
2.28059892924536
2.24314426908185
2.37159119009711
2.37703951204420
2.35916383991454
2.4527739229455
2.44085818826439
2.40854003349901
2.38986906990702
2.40041257988440
2.43325606318432
2.45611199339557
2.4771133056281
2.46888426841893
2.49036099838692
2.40222163556362
2.56923795803124
2.51966000450211
2.39005831789711
2.41373752790215
2.50154020483300
2.49692749278897
2.43088225644941
2.48911692181798
2.57229753120707
2.45433737959058
2.39851571596603
2.12455499383587
2.02621063017078
2.09961455090832
2.06116938184802
2.04062462925910
1.98811639340029
2.10660691072184
1.92497392861106
2.01147731060512
2.03535622972583
1.83004730960604
1.78894573437736
1.95848572772461
1.94086861707535
2.2495942122945
2.47828416534237
2.46188288944441
2.47979501167866
2.43862282934668
2.45180757894264
2.53526103394198
2.4729458036435
2.61936839527641
2.68552604289364
2.70595967724725
2.65133209188775
2.66565746290567
2.66799435418979
2.20805072771950
2.05943353792764
2.01025186389743
1.86464481107727
2.15825437574144
2.10818417917111
2.14867343787784
1.96620819326674
2.13437318995938
2.16440873702794
2.17371699628564
2.24285585442565
2.23438037665436
2.22477714354249
2.06287824481339
2.12754639464804
2.16897803042898
2.25157086573625
2.25419623451684
2.15260620993564
2.65842434781828
2.57553665111484
2.52073769239782
2.5142518002345
2.48139375980832
2.35794677009986
2.50960116874889
2.69089089678141
2.60673557808735
2.70690583334446
2.69143951645900
2.63739897270571
2.56165341253569
2.58665539243457
2.69263916438827
2.74894232868013
2.64786621976515
2.60973380963083
2.65127237392341
2.37118068926863
2.47853391487934
2.41941228224739
2.41258116716755
2.62847481348602
2.65593288041851
2.59347966099265
2.47750440868214
2.52498437279804
2.75339414852496
2.99334990321419
2.49980945215233
2.49547271720521
2.49837772592519
2.50116099049701
2.73150011260609
2.50434705033605
2.81436640261355
2.65827268169196
2.5440644814372
2.68298344334734
2.62350555956358
2.63428684750818
2.68142780349027
2.64232196354141
2.60979842874178
2.77900139034050
2.85436820437812
2.83720547530417
2.99632885656036
2.93591786622698
2.95428151509553
2.79248044897894
2.83901174284201
2.81955226492424
2.71670749142262
2.78115433152743
2.75908478121174
2.8425866528481
2.85228615397575
2.92786328787561
2.94502375054702
3.12166591656125
3.0730097783389
2.88826612665049
2.83937113823336
2.73114361826728
2.66043698239739
2.37752627988319
2.58301069378032
2.64070619016006
2.58262245752142
2.23305212948684
2.30226014046136
2.34348046101892
2.26719933270492
2.25410957706690
2.23284905107997
2.26202304637286
2.25617051243318
2.24088988090230
2.19561909643828
2.20408107670987
2.25883814188815
2.24772765187653
2.30399245720391
2.29084381482634
2.31414468901981
2.30911171601933
2.32176049890027
2.20627975874251
2.18608228431651
2.21673428394943
2.13675706035209
2.10815696539948
2.11419110991974
2.11364120737502
2.11457594333791
2.10234563540471
2.13100112638653
2.20842916933634
2.22429788779757
2.22016066277250
2.21469952354901
2.18080100679758
2.19225678726771
2.15134843675678
2.11016533059663
2.13450648964957
2.18959818209735
2.19190835278025
2.17685608110709
2.24657822416075
2.32186158424229
2.32338209127027
2.31184364967893
2.35829278919399
2.35139157784330
2.32764761271560
2.27529876421762
2.19057669775616
2.22527483851443
2.40982565626442
2.38013328031761
2.34458188217146
2.30768093544421
2.36581899028961
2.37553367869724
