0.733067729083665 1.22954091816367 1.02697302697303 1.11394302848576 0.897525618595351 0.922634670666167 0.926879570026873 0.87631636511359
0.772908366533865 0.880239520958084 1.07192807192807 1.07596201899050 0.916270932266933 0.968878890138733 0.856571464283482 0.865941689322209
0.912350597609562 1.18163672654691 1.11988011988012 1.00499750124938 0.920519870032492 0.903637045369329 0.950065620898694 0.964438611293397
0.868525896414343 1.17165668662675 1.29270729270729 1.00849575212394 0.909272681829543 0.913385826771654 0.93500406224611 0.857504452985844
0.98804780876494 1.12175648702595 1.11788211788212 0.877061469265367 0.956010997250687 0.91451068616423 0.966877070183114 0.876566357301334
0.641434262948207 1.12175648702595 1.19180819180819 1.00699650174913 0.881779555111222 0.957255343082115 0.84775951503031 0.896471985250461
0.916334661354582 0.998003992015968 1.06993006993007 0.95352323838081 0.913771557110722 0.950881139857518 0.940566214611587 0.825880441236211
0.844621513944223 1.15369261477046 1.03696303696304 1.04647676161919 0.919770057485629 0.97487814023247 0.96606462096119 0.83456766976032
1 1.09980039920160 1.12087912087912 0.96351824087956 0.932766808297925 0.978002749656293 0.893756640209987 0.87175400768726
0.900398406374502 1.02395209580838 1.08191808191808 1.03748125937031 0.86303424143964 0.87939007624047 0.949753140428723 0.836848848473485
0.713147410358566 1.07984031936128 1.06393606393606 1.01049475262369 0.961759560109973 0.978627671541057 0.87744515967752 0.859004406112309
1.12749003984064 1.04990019960080 1.01798201798202 1.0039980009995 0.922769307673082 0.961254843144607 0.95606524592213 0.836348864097997
0.880478087649402 0.994011976047904 1.19380619380619 1.00549725137431 0.909272681829543 0.968628921384827 0.92500468720705 0.877535077028843
0.900398406374502 1.35329341317365 1.01998001998002 0.952523738130934 0.962759310172457 0.885264341957255 0.9542528591963 0.841848692228368
0.601593625498008 0.892215568862275 1.01698301698302 1.02448775612194 0.93151712071982 0.94275715535558 0.890881819886257 0.891878378800662
0.800796812749004 1.16766467065868 1.12287712287712 1.00499750124938 0.989002749312672 0.901387326584177 0.910443097306418 0.904565482328677
1.00398406374502 1.07784431137725 1.08991008991009 1.01749125437281 0.999500124968758 0.98787651543557 0.943628523217299 0.887253523327396
0.928286852589641 0.988023952095808 1.21478521478521 0.964517741129435 0.910772306923269 0.857892763404574 0.921192425473408 0.921033717696322
0.733067729083665 1.26147704590818 1.15284715284715 0.989005497251374 0.944513871532117 0.98437695288089 0.917192675457784 0.884159870004062
0.864541832669323 0.982035928143713 1.11788211788212 0.962518740629685 0.97500624843789 0.898137732783402 0.989875632772952 0.887472266491672
0.864541832669323 1.12175648702595 1.25374625374625 0.90704647676162 0.997000749812547 0.924884389451319 0.9489406912068 0.910252804599856
0.729083665338645 1.07984031936128 1.15484515484515 1.02448775612194 0.958260434891277 0.930008748906387 0.950128116992688 0.851973375832005
1.13545816733068 1.28143712574850 1.10889110889111 0.924037981009495 0.925018745313672 0.976252968378953 0.917942628585713 0.871691509640324
0.840637450199203 0.978043912175649 1.10389610389610 0.914542728635682 0.897775556110972 0.981127359080115 0.934379101306168 0.915096403237399
1.20717131474104 1.07185628742515 1.11788211788212 0.965017491254373 0.938015496125968 0.93663292088489 0.897381413661646 0.838598793787694
0.776892430278884 0.944111776447106 1.13786213786214 1.06296851574213 0.964258935266183 0.923509561304837 0.903318542591088 0.867160401237461
0.920318725099602 1.09381237524950 1.12687312687313 0.946026986506747 0.925518620344914 0.98350206224222 0.894131616773952 0.874628917846317
0.784860557768924 1.25149700598802 1.11888111888112 1.02448775612194 0.918770307423144 0.917260342457193 0.88381976126492 0.875785131714634
0.669322709163347 1.08982035928144 1.10789210789211 0.931534232883558 0.966008497875531 0.951756030496188 0.884069745640897 0.780756851348395
0.856573705179283 0.904191616766467 1.1008991008991 1.02748625687156 0.923269182704324 0.964254468191476 0.908005749640648 0.979156901346833
0.872509960159363 1.19161676646707 1.21778221778222 0.946026986506747 1.01924518870282 0.918385201849769 0.883132304230986 0.912315240148745
0.860557768924303 1.06187624750499 1.09390609390609 1.09545227386307 0.89727568107973 0.923384576927884 0.96062746078370 0.895815755757633
0.928286852589641 1.10179640718563 1.01198801198801 0.892053973013493 0.912271932016996 0.948881389826272 0.95031560527467 0.89190962782413
0.96414342629482 1.24151696606786 0.927072927072927 1.02198900549725 0.971007248187953 0.971628546431696 0.954002874820324 0.862035561388707
0.916334661354582 1.22554890219561 1.05794205794206 0.999500249875062 0.976505873531617 0.965004374453193 0.934316605212174 0.829099090653417
1.09561752988048 1.03792415169661 1.13786213786214 0.92503748125937 0.95226193451637 0.908636420447444 0.949940628710706 0.8665354207681
0.836653386454183 1.02195608782435 1.20279720279720 0.989505247376312 0.89052736815796 0.917885264341957 0.872632960439973 0.845786069185338
0.96414342629482 1.20558882235529 1.26773226773227 0.968015992003998 0.970757310672332 0.922634670666167 0.89819386288357 0.93634573919565
0.916334661354582 1.12774451097804 1.02797202797203 0.906046976511744 0.809297675581105 0.902012248468941 0.98287607024561 0.857035717633824
0.860557768924303 1.16766467065868 1.18181818181818 0.89455272363818 0.930267433141715 0.94275715535558 0.91350540591213 0.806756038873785
0.844621513944223 1.21956087824351 0.985014985014985 0.939030484757621 0.969507623094226 0.990251218597675 0.944815949003187 0.932095872004
1.19920318725100 1.37924151696607 1.21378621378621 0.964517741129435 0.964758810297426 0.986626671666042 0.952377976376476 0.910409049717196
0.764940239043825 1.11177644710579 1.10489510489510 1.04347826086957 0.979005248687828 0.98350206224222 0.93394162864821 0.886503546764164
0.924302788844621 1.05189620758483 1.12087912087912 1.00199900049975 1.00249937515621 0.944131983502062 0.968564464720955 0.909846567294772
0.772908366533865 1.19960079840319 1.14685314685315 1.03248375812094 0.964758810297426 0.93838270216223 0.941566152115493 0.881003718633793
0.97211155378486 1.14770459081836 1.13886113886114 0.976011994002999 0.992751812046988 0.889513810773653 0.867258296356478 0.914502671791507
1.15139442231076 1.12574850299401 1.20379620379620 1.00199900049975 1.01024743814046 0.935633045869266 0.948565714642835 0.85378581919315
0.936254980079681 1.17165668662675 1.15484515484515 0.91904047976012 0.990002499375156 0.878890138732658 0.987375789013187 0.899440642479923
0.98406374501992 1.13572854291417 1.08691308691309 0.96351824087956 0.926518370407398 0.91151106111736 0.9063808511968 0.884378613168339
0.912350597609562 1.09580838323353 1.11888111888112 0.990504747626187 0.953511622094476 0.948256467941507 0.897381413661646 0.884378613168339
