1.63346613545817 0.724550898203593 0.66033966033966 0.695152423788106 0.608347913021745 0.323084614423197 0.325854634085370 0.315990125308584
1.13147410358566 0.80439121756487 0.791208791208791 0.465767116441779 0.489127718070482 0.41994750656168 0.2882944815949 0.281491203399894
1.20318725099602 0.852295409181637 0.897102897102897 0.515242378810595 0.393901524618845 0.416197975253093 0.316355227798263 0.334145807943502
1.12749003984064 0.812375249500998 0.784215784215784 0.559220389805097 0.352661834541365 0.376202974628171 0.335229048184488 0.334208305990438
1.11155378486056 0.848303393213573 0.747252747252747 0.648175912043978 0.416395901024744 0.371453568303962 0.367727017061434 0.329239711259023
1.58167330677291 1.17564870259481 0.7992007992008 0.696151924037981 0.470132466883279 0.303337082864642 0.306980813699144 0.300553107715384
1.47808764940239 1.11576846307385 0.835164835164835 0.528235882058971 0.448887778055486 0.451818522684664 0.367352040497469 0.286647292272116
1.25498007968127 0.848303393213573 0.846153846153846 0.440279860069965 0.533116720819795 0.348331458567679 0.339166302106118 0.342020561857442
1.04780876494024 0.84431137724551 0.717282717282717 0.640179910044978 0.504373906523369 0.39695038120235 0.309480657458909 0.264491734633293
1.30278884462151 0.850299401197605 0.874125874125874 0.5912043978011 0.467633091727068 0.377327834020747 0.251796762702331 0.33008343489266
1.38247011952191 1.00199600798403 0.633366633366633 0.523738130934533 0.425643589102724 0.396700412448444 0.350353102931067 0.336958220055623
1.39442231075697 0.790419161676647 0.742257742257742 0.611194402798601 0.51362159460135 0.385951756030496 0.335541528654459 0.224617980688104
1.46613545816733 1.00199600798403 0.653346653346653 0.596701649175412 0.463634091477131 0.440319960004999 0.305855884007250 0.246336051998375
1.39043824701195 0.862275449101796 0.755244755244755 0.408295852073963 0.428142964258935 0.358580177477815 0.332916692706706 0.253023343020531
1.37450199203187 1.12375249500998 0.85914085914086 0.567716141929036 0.503124218945264 0.401199850018748 0.338416348978189 0.349707821630574
0.95219123505976 0.810379241516966 0.593406593406593 0.627186406796602 0.4063984003999 0.411573553305837 0.310230610586838 0.299803131152152
1.11553784860558 0.882235528942116 0.68031968031968 0.673163418290855 0.416645838540365 0.388076490438695 0.422348603212299 0.229367832255242
1.59362549800797 1.04191616766467 0.75924075924076 0.728635682158920 0.55261184703824 0.40694913135858 0.307605774639085 0.292022124308615
1.64940239043825 0.982035928143713 0.708291708291708 0.70864567716142 0.438640339915021 0.372828396450444 0.293481657396413 0.342239305021718
1.36653386454183 0.962075848303393 0.704295704295704 0.619690154922539 0.529117720569858 0.360329958755156 0.353727892006750 0.315552638980032
1.50199203187251 0.906187624750499 0.766233766233766 0.459770114942529 0.472381904523869 0.390701162354706 0.317917630148116 0.370175932002125
1.10756972111554 0.914171656686627 0.732267732267732 0.414292853573213 0.422894276430892 0.357205349331334 0.339666270858071 0.291272147745383
1.11155378486056 0.820359281437126 0.906093906093906 0.656671664167916 0.521119720069983 0.409948756405449 0.272857946378351 0.320239992500234
1.16334661354582 0.880239520958084 0.76023976023976 0.614692653673163 0.378905273681580 0.390076240469941 0.369976876445222 0.341145589200337
1.41434262948207 0.806387225548902 0.631368631368631 0.711644177911045 0.561859535116221 0.382577177852768 0.339728766952065 0.303334270804037
1.69322709163347 1.04790419161677 0.601398601398601 0.661669165417291 0.579355161209698 0.362954630671166 0.387350790575589 0.245461079341271
1.32669322709163 0.780439121756487 0.764235764235764 0.568215892053973 0.505623594101475 0.386451693538308 0.332479220048747 0.335427017905690
1.21513944223108 0.910179640718563 0.654345654345654 0.573713143428286 0.564608847788053 0.4273215848019 0.339166302106118 0.349676572607106
1.0199203187251 1.12375249500998 0.687312687312687 0.6031984007996 0.419645088727818 0.365454318210224 0.331541778638835 0.301021843067404
1.01195219123506 1.06187624750499 0.731268731268731 0.47376311844078 0.568357910522369 0.309086364204474 0.333916630210612 0.290772163369895
1.32270916334661 0.800399201596806 0.649350649350649 0.696651674162919 0.416645838540365 0.396575428071491 0.296418973814137 0.282459923127402
0.908366533864542 0.898203592814371 0.761238761238761 0.740629685157421 0.46338415396151 0.331583552055993 0.347353290419349 0.282428674103934
1.31075697211155 0.98003992015968 0.736263736263736 0.549225387306347 0.488127968007998 0.375078115235596 0.409161927379539 0.363113652698353
1.49003984063745 0.916167664670659 0.716283716283716 0.542228885557221 0.4703824043989 0.315710536182977 0.286294606587088 0.290209680947470
1.35458167330677 0.878243512974052 0.721278721278721 0.685657171414293 0.432891777055736 0.357080364954381 0.312230485594650 0.228836598856286
1.30677290836653 1.01596806387226 0.627372627372627 0.530734632683658 0.415396150962259 0.417947756530434 0.309918130116868 0.245711071529015
1.25896414342629 0.892215568862275 0.617382617382617 0.56671664167916 0.604348912771807 0.375453068366454 0.322104868445722 0.298990656541983
1.26294820717131 0.810379241516966 0.912087912087912 0.516741629185407 0.433641589602599 0.400074990626172 0.279170051871758 0.296334489547202
1.24302788844622 0.642714570858283 0.802197802197802 0.602198900549725 0.49087728067983 0.375078115235596 0.305668395725267 0.298396925096091
0.94023904382470 0.902195608782435 0.753246753246753 0.616691654172913 0.535366158460385 0.396450443694538 0.393662896068996 0.426736664479235
1.22709163346614 0.830339321357285 0.753246753246753 0.546726636681659 0.51837040739815 0.349081364829396 0.371164302231111 0.241867441642449
1.05577689243028 0.716566866267465 0.834165834165834 0.580209895052474 0.432391902024494 0.398325209348831 0.34797825135929 0.359082528670979
1.04780876494024 0.88622754491018 0.688311688311688 0.466766616691654 0.382404398900275 0.376202974628171 0.363914755327792 0.304740476860098
1.19123505976096 0.858283433133733 0.597402597402597 0.610694652673663 0.434391402149463 0.394200724909386 0.348853196675208 0.343083028655355
0.95617529880478 0.982035928143713 0.657342657342657 0.629185407296352 0.391652086978255 0.398575178102737 0.266733329166927 0.348082872410237
1.27490039840637 0.934131736526946 0.721278721278721 0.519740129935032 0.421144713821545 0.351206099237595 0.346790825573402 0.293272085247336
1.91235059760956 1.02794411177645 0.812187812187812 0.464267866066967 0.496875781054736 0.451068616422947 0.385163427285795 0.295272022749289
1.12749003984064 0.946107784431138 0.663336663336663 0.537731134432784 0.457635591102224 0.366204224471941 0.270170614336604 0.296803224899222
1.48605577689243 1.12175648702595 0.783216783216783 0.602198900549725 0.485378655336166 0.375203099612548 0.373789138178864 0.324208618480672
1.47808764940239 1.01796407185629 0.808191808191808 0.507746126936532 0.496375906023494 0.373828271466067 0.380038747578276 0.305084216118246
